0.032	-1	0.75122	0.8156	--
0.032	-0.95	0.75109	0.81578	--
0.032	-0.9	0.75068	0.81631	--
0.032	-0.85	0.75002	0.81717	--
0.032	-0.8	0.74915	0.81832	--
0.032	-0.75	0.7481	0.81971	--
0.032	-0.7	0.74693	0.82129	--
0.032	-0.65	0.74567	0.82299	--
0.032	-0.6	0.74436	0.82478	--
0.032	-0.55	0.74305	0.8266	--
0.032	-0.5	0.74176	0.8284	--
0.032	-0.45	0.74052	0.83015	--
0.032	-0.4	0.73936	0.83181	--
0.032	-0.35	0.7383	0.83335	--
0.032	-0.3	0.73734	0.83473	--
0.032	-0.25	0.73651	0.83594	--
0.032	-0.2	0.73582	0.83695	--
0.032	-0.15	0.73527	0.83776	--
0.032	-0.1	0.73488	0.83834	--
0.032	-0.05	0.73464	0.8387	--
0.032	0	0.73456	0.83881	--
0.032	0.05	0.73464	0.8387	--
0.032	0.1	0.73488	0.83834	--
0.032	0.15	0.73527	0.83776	--
0.032	0.2	0.73582	0.83695	--
0.032	0.25	0.73651	0.83594	--
0.032	0.3	0.73734	0.83473	--
0.032	0.35	0.7383	0.83335	--
0.032	0.4	0.73936	0.83181	--
0.032	0.45	0.74052	0.83015	--
0.032	0.5	0.74176	0.8284	--
0.032	0.55	0.74305	0.8266	--
0.032	0.6	0.74436	0.82478	--
0.032	0.65	0.74567	0.82299	--
0.032	0.7	0.74693	0.82129	--
0.032	0.75	0.7481	0.81971	--
0.032	0.8	0.74915	0.81832	--
0.032	0.85	0.75002	0.81717	--
0.032	0.9	0.75068	0.81631	--
0.032	0.95	0.75109	0.81578	--
0.032	1	0.75122	0.8156	--
0.036	-1	0.74987	0.81295	--
0.036	-0.95	0.74974	0.8131	--
0.036	-0.9	0.74937	0.81354	--
0.036	-0.85	0.74876	0.81424	--
0.036	-0.8	0.74797	0.81518	--
0.036	-0.75	0.747	0.81632	--
0.036	-0.7	0.74592	0.8176	--
0.036	-0.65	0.74475	0.81897	--
0.036	-0.6	0.74354	0.82041	--
0.036	-0.55	0.74232	0.82185	--
0.036	-0.5	0.74111	0.82327	--
0.036	-0.45	0.73995	0.82463	--
0.036	-0.4	0.73886	0.8259	--
0.036	-0.35	0.73786	0.82707	--
0.036	-0.3	0.73696	0.8281	--
0.036	-0.25	0.73618	0.829	--
0.036	-0.2	0.73552	0.82974	--
0.036	-0.15	0.73501	0.83032	--
0.036	-0.1	0.73463	0.83074	--
0.036	-0.05	0.73441	0.831	--
0.036	0	0.73433	0.83108	--
0.036	0.05	0.73441	0.831	--
0.036	0.1	0.73463	0.83074	--
0.036	0.15	0.73501	0.83032	--
0.036	0.2	0.73552	0.82974	--
0.036	0.25	0.73618	0.829	--
0.036	0.3	0.73696	0.8281	--
0.036	0.35	0.73786	0.82707	--
0.036	0.4	0.73886	0.8259	--
0.036	0.45	0.73995	0.82463	--
0.036	0.5	0.74111	0.82327	--
0.036	0.55	0.74232	0.82185	--
0.036	0.6	0.74354	0.82041	--
0.036	0.65	0.74475	0.81897	--
0.036	0.7	0.74592	0.8176	--
0.036	0.75	0.747	0.81632	--
0.036	0.8	0.74797	0.81518	--
0.036	0.85	0.74876	0.81424	--
0.036	0.9	0.74937	0.81354	--
0.036	0.95	0.74974	0.8131	--
0.036	1	0.74987	0.81295	--
0.04	-1	0.74888	0.81109	--
0.04	-0.95	0.74876	0.81121	--
0.04	-0.9	0.74841	0.81157	--
0.04	-0.85	0.74784	0.81215	--
0.04	-0.8	0.74709	0.81292	--
0.04	-0.75	0.74619	0.81383	--
0.04	-0.7	0.74516	0.81486	--
0.04	-0.65	0.74406	0.81595	--
0.04	-0.6	0.74291	0.81706	--
0.04	-0.55	0.74175	0.81816	--
0.04	-0.5	0.7406	0.81922	--
0.04	-0.45	0.7395	0.82021	--
0.04	-0.4	0.73846	0.82111	--
0.04	-0.35	0.7375	0.82191	--
0.04	-0.3	0.73664	0.82259	--
0.04	-0.25	0.7359	0.82317	--
0.04	-0.2	0.73528	0.82362	--
0.04	-0.15	0.73478	0.82397	--
0.04	-0.1	0.73443	0.82422	--
0.04	-0.05	0.73421	0.82436	--
0.04	0	0.73414	0.82441	--
0.04	0.05	0.73421	0.82436	--
0.04	0.1	0.73443	0.82422	--
0.04	0.15	0.73478	0.82422	--
0.04	0.2	0.73528	0.82362	--
0.04	0.25	0.7359	0.82317	--
0.04	0.3	0.73664	0.82259	--
0.04	0.35	0.7375	0.82191	--
0.04	0.4	0.73846	0.82111	--
0.04	0.45	0.7395	0.82021	--
0.04	0.5	0.7406	0.81922	--
0.04	0.55	0.74175	0.81816	--
0.04	0.6	0.74291	0.81706	--
0.04	0.65	0.74406	0.81595	--
0.04	0.7	0.74516	0.81486	--
0.04	0.75	0.74619	0.81383	--
0.04	0.8	0.74709	0.81292	--
0.04	0.85	0.74784	0.81215	--
0.04	0.9	0.74841	0.81157	--
0.04	0.95	0.74876	0.81121	--
0.04	1	0.74888	0.81109	--
0.044	-1	0.74826	0.80989	--
0.044	-0.95	0.74815	0.80999	--
0.044	-0.9	0.74781	0.81029	--
0.044	-0.85	0.74727	0.81076	--
0.044	-0.8	0.74655	0.81138	--
0.044	-0.75	0.74568	0.81211	--
0.044	-0.7	0.7447	0.81291	--
0.044	-0.65	0.74364	0.81374	--
0.044	-0.6	0.74253	0.81457	--
0.044	-0.55	0.74141	0.81535	--
0.044	-0.5	0.7403	0.81607	--
0.044	-0.45	0.73924	0.8167	--
0.044	-0.4	0.73823	0.81722	--
0.044	-0.35	0.73731	0.81765	--
0.044	-0.3	0.73648	0.81797	--
0.044	-0.25	0.73577	0.8182	--
0.044	-0.2	0.73517	0.81835	--
0.044	-0.15	0.73469	0.81844	--
0.044	-0.1	0.73435	0.81849	--
0.044	-0.05	0.73415	0.81852	--
0.044	0	0.73408	0.81852	--
0.044	0.05	0.73415	0.81852	--
0.044	0.1	0.73435	0.81849	--
0.044	0.15	0.73469	0.81844	--
0.044	0.2	0.73517	0.81835	--
0.044	0.25	0.73577	0.8182	--
0.044	0.3	0.73648	0.81797	--
0.044	0.35	0.73731	0.81765	--
0.044	0.4	0.73823	0.81722	--
0.044	0.45	0.73924	0.8167	--
0.044	0.5	0.7403	0.81607	--
0.044	0.55	0.74141	0.81535	--
0.044	0.6	0.74253	0.81457	--
0.044	0.65	0.74364	0.81374	--
0.044	0.7	0.7447	0.81291	--
0.044	0.75	0.74568	0.81211	--
0.044	0.8	0.74655	0.81138	--
0.044	0.85	0.74727	0.81076	--
0.044	0.9	0.74781	0.81029	--
0.044	0.95	0.74815	0.80999	--
0.044	1	0.74826	0.80989	--
0.048	-1	0.74783	0.80909	--
0.048	-0.95	0.74772	0.80917	--
0.048	-0.9	0.74739	0.80942	--
0.048	-0.85	0.74687	0.8098	--
0.048	-0.8	0.74617	0.8103	--
0.048	-0.75	0.74532	0.81087	--
0.048	-0.7	0.74436	0.81147	--
0.048	-0.65	0.74332	0.81207	--
0.048	-0.6	0.74224	0.81263	--
0.048	-0.55	0.74115	0.81312	--
0.048	-0.5	0.74007	0.8135	--
0.048	-0.45	0.73903	0.81377	--
0.048	-0.4	0.73806	0.81392	--
0.048	-0.35	0.73716	0.81396	--
0.048	-0.3	0.73636	0.81389	--
0.048	-0.25	0.73567	0.81375	--
0.048	-0.2	0.73509	0.81356	--
0.048	-0.15	0.73463	0.81337	--
0.048	-0.1	0.7343	0.8132	--
0.048	-0.05	0.7341	0.81309	--
0.048	0	0.73404	0.81305	--
0.048	0.05	0.7341	0.81309	--
0.048	0.1	0.7343	0.8132	--
0.048	0.15	0.73463	0.81337	--
0.048	0.2	0.73509	0.81356	--
0.048	0.25	0.73567	0.81375	--
0.048	0.3	0.73636	0.81389	--
0.048	0.35	0.73716	0.81396	--
0.048	0.4	0.73806	0.81392	--
0.048	0.45	0.73903	0.81377	--
0.048	0.5	0.74007	0.8135	--
0.048	0.55	0.74115	0.81312	--
0.048	0.6	0.74224	0.81263	--
0.048	0.65	0.74332	0.81207	--
0.048	0.7	0.74436	0.81147	--
0.048	0.75	0.74532	0.81087	--
0.048	0.8	0.74617	0.8103	--
0.048	0.85	0.74687	0.8098	--
0.048	0.9	0.74739	0.80942	--
0.048	0.95	0.74772	0.80917	--
0.048	1	0.74783	0.80909	--
0.052	-1	0.74751	0.80849	--
0.052	-0.95	0.7474	0.80856	--
0.052	-0.9	0.74708	0.80876	--
0.052	-0.85	0.74656	0.80907	--
0.052	-0.8	0.74587	0.80946	--
0.052	-0.75	0.74504	0.80989	--
0.052	-0.7	0.7441	0.81032	--
0.052	-0.65	0.74308	0.81072	--
0.052	-0.6	0.74201	0.81103	--
0.052	-0.55	0.74094	0.81124	--
0.052	-0.5	0.73988	0.8113	--
0.052	-0.45	0.73886	0.81122	--
0.052	-0.4	0.7379	0.81099	--
0.052	-0.35	0.73702	0.81062	--
0.052	-0.3	0.73624	0.81014	--
0.052	-0.25	0.73556	0.80959	--
0.052	-0.2	0.735	0.80904	--
0.052	-0.15	0.73456	0.80852	--
0.052	-0.1	0.73425	0.80811	--
0.052	-0.05	0.73406	0.80783	--
0.052	0	0.73399	0.80774	--
0.052	0.05	0.73406	0.80783	--
0.052	0.1	0.73425	0.80811	--
0.052	0.15	0.73456	0.80852	--
0.052	0.2	0.735	0.80904	--
0.052	0.25	0.73556	0.80959	--
0.052	0.3	0.73624	0.81014	--
0.052	0.35	0.73702	0.81062	--
0.052	0.4	0.7379	0.81099	--
0.052	0.45	0.73886	0.81122	--
0.052	0.5	0.73988	0.8113	--
0.052	0.55	0.74094	0.81124	--
0.052	0.6	0.74201	0.81103	--
0.052	0.65	0.74308	0.81072	--
0.052	0.7	0.7441	0.81032	--
0.052	0.75	0.74504	0.80989	--
0.052	0.8	0.74587	0.80946	--
0.052	0.85	0.74656	0.80907	--
0.052	0.9	0.74708	0.80876	--
0.052	0.95	0.7474	0.80856	--
0.052	1	0.74751	0.80849	--
0.056	-1	0.74717	0.80795	--
0.056	-0.95	0.74706	0.808	--
0.056	-0.9	0.74674	0.80817	--
0.056	-0.85	0.74623	0.80841	--
0.056	-0.8	0.74555	0.80871	--
0.056	-0.75	0.74472	0.80903	--
0.056	-0.7	0.74379	0.80931	--
0.056	-0.65	0.74277	0.80952	--
0.056	-0.6	0.74172	0.80961	--
0.056	-0.55	0.74065	0.80955	--
0.056	-0.5	0.7396	0.80931	--
0.056	-0.45	0.73859	0.80888	--
0.056	-0.4	0.73765	0.80826	--
0.056	-0.35	0.73679	0.80747	--
0.056	-0.3	0.73602	0.80655	--
0.056	-0.25	0.73536	0.80557	--
0.056	-0.2	0.73482	0.8046	--
0.056	-0.15	0.73439	0.80373	--
0.056	-0.1	0.73409	0.80303	--
0.056	-0.05	0.73391	0.80258	--
0.056	0	0.73385	0.80242	--
0.056	0.05	0.73391	0.80258	--
0.056	0.1	0.73409	0.80303	--
0.056	0.15	0.73439	0.80373	--
0.056	0.2	0.73482	0.8046	--
0.056	0.25	0.73536	0.80557	--
0.056	0.3	0.73602	0.80655	--
0.056	0.35	0.73679	0.80747	--
0.056	0.4	0.73765	0.80826	--
0.056	0.45	0.73859	0.80888	--
0.056	0.5	0.7396	0.80931	--
0.056	0.55	0.74065	0.80955	--
0.056	0.6	0.74172	0.80961	--
0.056	0.65	0.74277	0.80952	--
0.056	0.7	0.74379	0.80931	--
0.056	0.75	0.74472	0.80903	--
0.056	0.8	0.74555	0.80871	--
0.056	0.85	0.74623	0.80841	--
0.056	0.9	0.74674	0.80817	--
0.056	0.95	0.74706	0.808	--
0.056	1	0.74717	0.80795	--
0.06	-1	0.74723	0.80789	--
0.06	-0.95	0.74712	0.80793	--
0.06	-0.9	0.74681	0.80807	--
0.06	-0.85	0.7463	0.80826	--
0.06	-0.8	0.74561	0.80849	--
0.06	-0.75	0.74479	0.8087	--
0.06	-0.7	0.74386	0.80885	--
0.06	-0.65	0.74285	0.8089	--
0.06	-0.6	0.7418	0.80879	--
0.06	-0.55	0.74073	0.80848	--
0.06	-0.5	0.73969	0.80795	--
0.06	-0.45	0.73869	0.80718	--
0.06	-0.4	0.73775	0.80617	--
0.06	-0.35	0.7369	0.80495	--
0.06	-0.3	0.73614	0.80357	--
0.06	-0.25	0.7355	0.80213	--
0.06	-0.2	0.73497	0.8007	--
0.06	-0.15	0.73456	0.79942	--
0.06	-0.1	0.73427	0.7984	--
0.06	-0.05	0.7341	0.79774	--
0.06	0	0.73404	0.79751	--
0.06	0.05	0.7341	0.79774	--
0.06	0.1	0.73427	0.7984	--
0.06	0.15	0.73456	0.79942	--
0.06	0.2	0.73497	0.8007	--
0.06	0.25	0.7355	0.80213	--
0.06	0.3	0.73614	0.80357	--
0.06	0.35	0.7369	0.80495	--
0.06	0.4	0.73775	0.80617	--
0.06	0.45	0.73869	0.80718	--
0.06	0.5	0.73969	0.80795	--
0.06	0.55	0.74073	0.80848	--
0.06	0.6	0.7418	0.80879	--
0.06	0.65	0.74285	0.8089	--
0.06	0.7	0.74386	0.80885	--
0.06	0.75	0.74479	0.8087	--
0.06	0.8	0.74561	0.80849	--
0.06	0.85	0.7463	0.80826	--
0.06	0.9	0.74681	0.80807	--
0.06	0.95	0.74712	0.80793	--
0.06	1	0.74723	0.80789	--
0.064	-1	0.7471	0.80769	--
0.064	-0.95	0.747	0.80772	--
0.064	-0.9	0.74668	0.80783	--
0.064	-0.85	0.74617	0.80798	--
0.064	-0.8	0.74549	0.80814	--
0.064	-0.75	0.74466	0.80827	--
0.064	-0.7	0.74373	0.80831	--
0.064	-0.65	0.74272	0.80821	--
0.064	-0.6	0.74167	0.80792	--
0.064	-0.55	0.74061	0.80738	--
0.064	-0.5	0.73956	0.80657	--
0.064	-0.45	0.73856	0.80547	--
0.064	-0.4	0.73763	0.80407	--
0.064	-0.35	0.73679	0.80242	--
0.064	-0.3	0.73604	0.80056	--
0.064	-0.25	0.73541	0.79861	--
0.064	-0.2	0.7349	0.79669	--
0.064	-0.15	0.7345	0.79496	--
0.064	-0.1	0.73423	0.79358	--
0.064	-0.05	0.73406	0.79268	--
0.064	0	0.73401	0.79237	--
0.064	0.05	0.73406	0.79268	--
0.064	0.1	0.73423	0.79358	--
0.064	0.15	0.7345	0.79496	--
0.064	0.2	0.7349	0.79669	--
0.064	0.25	0.73541	0.79861	--
0.064	0.3	0.73604	0.80056	--
0.064	0.35	0.73679	0.80242	--
0.064	0.4	0.73763	0.80407	--
0.064	0.45	0.73856	0.80547	--
0.064	0.5	0.73956	0.80657	--
0.064	0.55	0.74061	0.80738	--
0.064	0.6	0.74167	0.80792	--
0.064	0.65	0.74272	0.80821	--
0.064	0.7	0.74373	0.80831	--
0.064	0.75	0.74466	0.80827	--
0.064	0.8	0.74549	0.80814	--
0.064	0.85	0.74617	0.80798	--
0.064	0.9	0.74668	0.80783	--
0.064	0.95	0.747	0.80772	--
0.064	1	0.7471	0.80769	--
0.068	-1	0.74699	0.80749	--
0.068	-0.95	0.74688	0.80752	--
0.068	-0.9	0.74656	0.80761	--
0.068	-0.85	0.74605	0.80772	--
0.068	-0.8	0.74537	0.80783	--
0.068	-0.75	0.74454	0.80788	--
0.068	-0.7	0.74361	0.80783	--
0.068	-0.65	0.74259	0.8076	--
0.068	-0.6	0.74154	0.80714	--
0.068	-0.55	0.74048	0.80639	--
0.068	-0.5	0.73943	0.80532	--
0.068	-0.45	0.73843	0.8039	--
0.068	-0.4	0.7375	0.80212	--
0.068	-0.35	0.73666	0.80002	--
0.068	-0.3	0.73592	0.79767	--
0.068	-0.25	0.7353	0.79518	--
0.068	-0.2	0.7348	0.79273	--
0.068	-0.15	0.73442	0.7905	--
0.068	-0.1	0.73416	0.78871	--
0.068	-0.05	0.73401	0.78754	--
0.068	0	0.73396	0.78714	--
0.068	0.05	0.73401	0.78754	--
0.068	0.1	0.73416	0.78871	--
0.068	0.15	0.73442	0.7905	--
0.068	0.2	0.7348	0.79273	--
0.068	0.25	0.7353	0.79518	--
0.068	0.3	0.73592	0.79767	--
0.068	0.35	0.73666	0.80002	--
0.068	0.4	0.7375	0.80212	--
0.068	0.45	0.73843	0.8039	--
0.068	0.5	0.73943	0.80532	--
0.068	0.55	0.74048	0.80639	--
0.068	0.6	0.74154	0.80714	--
0.068	0.65	0.74259	0.8076	--
0.068	0.7	0.74361	0.80783	--
0.068	0.75	0.74454	0.80788	--
0.068	0.8	0.74537	0.80783	--
0.068	0.85	0.74605	0.80772	--
0.068	0.9	0.74656	0.80761	--
0.068	0.95	0.74688	0.80752	--
0.068	1	0.74699	0.80749	--
0.072	-1	0.74698	0.80747	--
0.072	-0.95	0.74688	0.80749	--
0.072	-0.9	0.74656	0.80756	--
0.072	-0.85	0.74604	0.80765	--
0.072	-0.8	0.74536	0.80772	--
0.072	-0.75	0.74453	0.80771	--
0.072	-0.7	0.74359	0.80756	--
0.072	-0.65	0.74258	0.80722	--
0.072	-0.6	0.74152	0.80662	--
0.072	-0.55	0.74045	0.80568	--
0.072	-0.5	0.73941	0.80437	--
0.072	-0.45	0.7384	0.80264	--
0.072	-0.4	0.73747	0.80048	--
0.072	-0.35	0.73663	0.79794	--
0.072	-0.3	0.7359	0.79507	--
0.072	-0.25	0.73528	0.79202	--
0.072	-0.2	0.7348	0.78899	--
0.072	-0.15	0.73443	0.78622	--
0.072	-0.1	0.73419	0.78397	--
0.072	-0.05	0.73405	0.7825	--
0.072	0	0.73401	0.78199	--
0.072	0.05	0.73405	0.7825	--
0.072	0.1	0.73419	0.78397	--
0.072	0.15	0.73443	0.78622	--
0.072	0.2	0.7348	0.78899	--
0.072	0.25	0.73528	0.79202	--
0.072	0.3	0.7359	0.79507	--
0.072	0.35	0.73663	0.79794	--
0.072	0.4	0.73747	0.80048	--
0.072	0.45	0.7384	0.80264	--
0.072	0.5	0.73941	0.80437	--
0.072	0.55	0.74045	0.80568	--
0.072	0.6	0.74152	0.80662	--
0.072	0.65	0.74258	0.80722	--
0.072	0.7	0.74359	0.80756	--
0.072	0.75	0.74453	0.80771	--
0.072	0.8	0.74536	0.80772	--
0.072	0.85	0.74604	0.80765	--
0.072	0.9	0.74656	0.80756	--
0.072	0.95	0.74688	0.80749	--
0.072	1	0.74698	0.80747	--
0.076	-1	0.74694	0.8074	--
0.076	-0.95	0.74683	0.80742	--
0.076	-0.9	0.74651	0.80748	--
0.076	-0.85	0.746	0.80754	--
0.076	-0.8	0.74531	0.80757	--
0.076	-0.75	0.74448	0.80751	--
0.076	-0.7	0.74354	0.80729	--
0.076	-0.65	0.74252	0.80685	--
0.076	-0.6	0.74146	0.80612	--
0.076	-0.55	0.74039	0.80501	--
0.076	-0.5	0.73934	0.80347	--
0.076	-0.45	0.73833	0.80145	--
0.076	-0.4	0.73739	0.79893	--
0.076	-0.35	0.73655	0.79593	--
0.076	-0.3	0.73582	0.79254	--
0.076	-0.25	0.73521	0.78891	--
0.076	-0.2	0.73473	0.78526	--
0.076	-0.15	0.73439	0.78189	--
0.076	-0.1	0.73416	0.77914	--
0.076	-0.05	0.73404	0.77733	--
0.076	0	0.734	0.77669	--
0.076	0.05	0.73404	0.77733	--
0.076	0.1	0.73416	0.77914	--
0.076	0.15	0.73439	0.78189	--
0.076	0.2	0.73473	0.78526	--
0.076	0.25	0.73521	0.78891	--
0.076	0.3	0.73582	0.79254	--
0.076	0.35	0.73655	0.79593	--
0.076	0.4	0.73739	0.79893	--
0.076	0.45	0.73833	0.80145	--
0.076	0.5	0.73934	0.80347	--
0.076	0.55	0.74039	0.80501	--
0.076	0.6	0.74146	0.80612	--
0.076	0.65	0.74252	0.80685	--
0.076	0.7	0.74354	0.80729	--
0.076	0.75	0.74448	0.80751	--
0.076	0.8	0.74531	0.80757	--
0.076	0.85	0.746	0.80754	--
0.076	0.9	0.74651	0.80748	--
0.076	0.95	0.74683	0.80742	--
0.076	1	0.74694	0.8074	--
0.08	-1	0.7469	0.80733	--
0.08	-0.95	0.74679	0.80735	--
0.08	-0.9	0.74647	0.80739	--
0.08	-0.85	0.74595	0.80743	--
0.08	-0.8	0.74526	0.80743	--
0.08	-0.75	0.74443	0.80733	--
0.08	-0.7	0.74349	0.80705	--
0.08	-0.65	0.74246	0.80653	--
0.08	-0.6	0.7414	0.80567	--
0.08	-0.55	0.74032	0.80441	--
0.08	-0.5	0.73926	0.80266	--
0.08	-0.45	0.73825	0.80036	--
0.08	-0.4	0.73731	0.79749	--
0.08	-0.35	0.73646	0.79405	--
0.08	-0.3	0.73572	0.79013	--
0.08	-0.25	0.73511	0.78588	--
0.08	-0.2	0.73465	0.78158	--
0.08	-0.15	0.73432	0.77756	--
0.08	-0.1	0.73412	0.77425	--
0.08	-0.05	0.73402	0.77206	0.99849
0.08	0	0.73399	0.77129	0.99658
0.08	0.05	0.73402	0.77206	0.99849
0.08	0.1	0.73412	0.77425	--
0.08	0.15	0.73432	0.77756	--
0.08	0.2	0.73465	0.78158	--
0.08	0.25	0.73511	0.78588	--
0.08	0.3	0.73572	0.79013	--
0.08	0.35	0.73646	0.79405	--
0.08	0.4	0.73731	0.79749	--
0.08	0.45	0.73825	0.80036	--
0.08	0.5	0.73926	0.80266	--
0.08	0.55	0.74032	0.80441	--
0.08	0.6	0.7414	0.80567	--
0.08	0.65	0.74246	0.80653	--
0.08	0.7	0.74349	0.80705	--
0.08	0.75	0.74443	0.80733	--
0.08	0.8	0.74526	0.80743	--
0.08	0.85	0.74595	0.80743	--
0.08	0.9	0.74647	0.80739	--
0.08	0.95	0.74679	0.80735	--
0.08	1	0.7469	0.80733	--
0.084	-1	0.74687	0.80729	--
0.084	-0.95	0.74676	0.8073	--
0.084	-0.9	0.74644	0.80734	--
0.084	-0.85	0.74593	0.80737	--
0.084	-0.8	0.74523	0.80734	--
0.084	-0.75	0.7444	0.8072	--
0.084	-0.7	0.74345	0.80687	--
0.084	-0.65	0.74242	0.80628	--
0.084	-0.6	0.74135	0.80532	--
0.084	-0.55	0.74027	0.80391	--
0.084	-0.5	0.7392	0.80196	--
0.084	-0.45	0.73818	0.79941	--
0.084	-0.4	0.73723	0.7962	--
0.084	-0.35	0.73638	0.79233	--
0.084	-0.3	0.73564	0.78787	--
0.084	-0.25	0.73503	0.783	--
0.084	-0.2	0.73457	0.778	--
0.084	-0.15	0.73425	0.77329	0.9954
0.084	-0.1	0.73408	0.76937	0.98566
0.084	-0.05	0.734	0.76675	0.97973
0.084	0	0.73398	0.76582	0.97773
0.084	0.05	0.734	0.76675	0.97973
0.084	0.1	0.73408	0.76937	0.98566
0.084	0.15	0.73425	0.77329	0.9954
0.084	0.2	0.73457	0.778	--
0.084	0.25	0.73503	0.783	--
0.084	0.3	0.73564	0.78787	--
0.084	0.35	0.73638	0.79233	--
0.084	0.4	0.73723	0.7962	--
0.084	0.45	0.73818	0.79941	--
0.084	0.5	0.7392	0.80196	--
0.084	0.55	0.74027	0.80391	--
0.084	0.6	0.74135	0.80532	--
0.084	0.65	0.74242	0.80628	--
0.084	0.7	0.74345	0.80687	--
0.084	0.75	0.7444	0.8072	--
0.084	0.8	0.74523	0.80734	--
0.084	0.85	0.74593	0.80737	--
0.084	0.9	0.74644	0.80734	--
0.084	0.95	0.74676	0.8073	--
0.084	1	0.74687	0.80729	--
0.088	-1	0.74687	0.80727	--
0.088	-0.95	0.74676	0.80729	--
0.088	-0.9	0.74644	0.80731	--
0.088	-0.85	0.74592	0.80733	--
0.088	-0.8	0.74523	0.80728	--
0.088	-0.75	0.74439	0.80711	--
0.088	-0.7	0.74344	0.80674	--
0.088	-0.65	0.74241	0.80608	--
0.088	-0.6	0.74133	0.80503	--
0.088	-0.55	0.74024	0.8035	--
0.088	-0.5	0.73917	0.80137	--
0.088	-0.45	0.73814	0.79858	--
0.088	-0.4	0.73718	0.79504	--
0.088	-0.35	0.73632	0.79074	--
0.088	-0.3	0.73556	0.78575	--
0.088	-0.25	0.73495	0.78024	--
0.088	-0.2	0.73449	0.77452	0.99272
0.088	-0.15	0.73419	0.76906	0.97889
0.088	-0.1	0.73404	0.76447	0.96878
0.088	-0.05	0.73399	0.76138	0.96263
0.088	0	0.73399	0.76028	0.96056
0.088	0.05	0.73399	0.76138	0.96263
0.088	0.1	0.73404	0.76447	0.96878
0.088	0.15	0.73419	0.76906	0.97889
0.088	0.2	0.73449	0.77452	0.99272
0.088	0.25	0.73495	0.78024	--
0.088	0.3	0.73556	0.78575	--
0.088	0.35	0.73632	0.79074	--
0.088	0.4	0.73718	0.79504	--
0.088	0.45	0.73814	0.79858	--
0.088	0.5	0.73917	0.80137	--
0.088	0.55	0.74024	0.8035	--
0.088	0.6	0.74133	0.80503	--
0.088	0.65	0.74241	0.80608	--
0.088	0.7	0.74344	0.80674	--
0.088	0.75	0.74439	0.80711	--
0.088	0.8	0.74523	0.80728	--
0.088	0.85	0.74592	0.80733	--
0.088	0.9	0.74644	0.80731	--
0.088	0.95	0.74676	0.80729	--
0.088	1	0.74687	0.80727	--
0.092	-1	0.74691	0.80729	--
0.092	-0.95	0.7468	0.8073	--
0.092	-0.9	0.74647	0.80733	--
0.092	-0.85	0.74595	0.80733	--
0.092	-0.8	0.74526	0.80727	--
0.092	-0.75	0.74442	0.80708	--
0.092	-0.7	0.74346	0.80667	--
0.092	-0.65	0.74243	0.80595	--
0.092	-0.6	0.74135	0.80482	--
0.092	-0.55	0.74025	0.80318	--
0.092	-0.5	0.73917	0.80089	--
0.092	-0.45	0.73814	0.79787	--
0.092	-0.4	0.73717	0.79402	--
0.092	-0.35	0.73629	0.78931	--
0.092	-0.3	0.73553	0.78379	--
0.092	-0.25	0.7349	0.77762	0.99594
0.092	-0.2	0.73443	0.77115	0.97352
0.092	-0.15	0.73414	0.7649	0.96383
0.092	-0.1	0.73401	0.75959	0.95338
0.092	-0.05	0.73401	0.75596	0.94701
0.092	0	0.73403	0.75466	0.94488
0.092	0.05	0.73401	0.75596	0.94701
0.092	0.1	0.73401	0.75959	0.95338
0.092	0.15	0.73414	0.7649	0.96383
0.092	0.2	0.73443	0.77115	0.97352
0.092	0.25	0.7349	0.77762	0.99594
0.092	0.3	0.73553	0.78379	--
0.092	0.35	0.73629	0.78931	--
0.092	0.4	0.73717	0.79402	--
0.092	0.45	0.73814	0.79787	--
0.092	0.5	0.73917	0.80089	--
0.092	0.55	0.74025	0.80318	--
0.092	0.6	0.74135	0.80482	--
0.092	0.65	0.74243	0.80595	--
0.092	0.7	0.74346	0.80667	--
0.092	0.75	0.74442	0.80708	--
0.092	0.8	0.74526	0.80727	--
0.092	0.85	0.74595	0.80733	--
0.092	0.9	0.74647	0.80733	--
0.092	0.95	0.7468	0.8073	--
0.092	1	0.74691	0.80729	--
0.096	-1	0.74683	0.80722	--
0.096	-0.95	0.74673	0.80723	--
0.096	-0.9	0.7464	0.80725	--
0.096	-0.85	0.74588	0.80724	--
0.096	-0.8	0.74519	0.80717	--
0.096	-0.75	0.74434	0.80695	--
0.096	-0.7	0.74339	0.80651	--
0.096	-0.65	0.74235	0.80575	--
0.096	-0.6	0.74126	0.80455	--
0.096	-0.55	0.74016	0.8028	--
0.096	-0.5	0.73908	0.80037	--
0.096	-0.45	0.73803	0.79714	--
0.096	-0.4	0.73705	0.793	--
0.096	-0.35	0.73616	0.78789	--
0.096	-0.3	0.73538	0.78184	--
0.096	-0.25	0.73474	0.77501	0.98312
0.096	-0.2	0.73425	0.76776	0.96476
0.096	-0.15	0.73395	0.76069	0.95004
0.096	-0.1	0.73385	0.7546	0.93927
0.096	-0.05	0.73391	0.75038	0.93272
0.096	0	0.73397	0.74884	0.93052
0.096	0.05	0.73391	0.75038	0.93272
0.096	0.1	0.73385	0.7546	0.93927
0.096	0.15	0.73395	0.76069	0.95004
0.096	0.2	0.73425	0.76776	0.96476
0.096	0.25	0.73474	0.77501	0.98312
0.096	0.3	0.73538	0.78184	--
0.096	0.35	0.73616	0.78789	--
0.096	0.4	0.73705	0.793	--
0.096	0.45	0.73803	0.79714	--
0.096	0.5	0.73908	0.80037	--
0.096	0.55	0.74016	0.8028	--
0.096	0.6	0.74126	0.80455	--
0.096	0.65	0.74235	0.80575	--
0.096	0.7	0.74339	0.80651	--
0.096	0.75	0.74434	0.80695	--
0.096	0.8	0.74519	0.80717	--
0.096	0.85	0.74588	0.80724	--
0.096	0.9	0.7464	0.80725	--
0.096	0.95	0.74673	0.80723	--
0.096	1	0.74683	0.80722	--
0.1	-1	0.74692	0.8073	--
0.1	-0.95	0.74681	0.80731	--
0.1	-0.9	0.74649	0.80732	--
0.1	-0.85	0.74596	0.80731	--
0.1	-0.8	0.74527	0.80723	--
0.1	-0.75	0.74442	0.80699	--
0.1	-0.7	0.74346	0.80653	--
0.1	-0.65	0.74242	0.80572	--
0.1	-0.6	0.74133	0.80447	--
0.1	-0.55	0.74023	0.80263	--
0.1	-0.5	0.73913	0.80007	--
0.1	-0.45	0.73808	0.79664	--
0.1	-0.4	0.73709	0.79223	--
0.1	-0.35	0.73618	0.78673	--
0.1	-0.3	0.73538	0.78015	0.99353
0.1	-0.25	0.73471	0.77266	0.97138
0.1	-0.2	0.7342	0.76462	0.95253
0.1	-0.15	0.73387	0.7567	0.93739
0.1	-0.1	0.73377	0.74979	0.92634
0.1	-0.05	0.73391	0.7449	0.91961
0.1	0	0.73405	0.74307	0.9186
0.1	0.05	0.73391	0.7449	0.91961
0.1	0.1	0.73377	0.74979	0.92634
0.1	0.15	0.73387	0.7567	0.93739
0.1	0.2	0.7342	0.76462	0.95253
0.1	0.25	0.73471	0.77266	0.97138
0.1	0.3	0.73538	0.78015	0.99353
0.1	0.35	0.73618	0.78673	--
0.1	0.4	0.73709	0.79223	--
0.1	0.45	0.73808	0.79664	--
0.1	0.5	0.73913	0.80007	--
0.1	0.55	0.74023	0.80263	--
0.1	0.6	0.74133	0.80447	--
0.1	0.65	0.74242	0.80572	--
0.1	0.7	0.74346	0.80653	--
0.1	0.75	0.74442	0.80699	--
0.1	0.8	0.74527	0.80723	--
0.1	0.85	0.74596	0.80731	--
0.1	0.9	0.74649	0.80732	--
0.1	0.95	0.74681	0.80731	--
0.1	1	0.74692	0.8073	--
0.104	-1	0.74687	0.80724	--
0.104	-0.95	0.74676	0.80725	--
0.104	-0.9	0.74643	0.80726	--
0.104	-0.85	0.74591	0.80725	--
0.104	-0.8	0.74521	0.80715	--
0.104	-0.75	0.74437	0.80691	--
0.104	-0.7	0.74341	0.80642	--
0.104	-0.65	0.74236	0.80558	--
0.104	-0.6	0.74127	0.80427	--
0.104	-0.55	0.74016	0.80235	--
0.104	-0.5	0.73906	0.79967	--
0.104	-0.45	0.738	0.79607	--
0.104	-0.4	0.73699	0.79139	--
0.104	-0.35	0.73607	0.78552	--
0.104	-0.3	0.73525	0.77844	0.98329
0.104	-0.25	0.73454	0.77028	0.9606
0.104	-0.2	0.73398	0.76144	0.94128
0.104	-0.15	0.73359	0.75266	0.92577
0.104	-0.1	0.73342	0.74494	0.91444
0.104	-0.05	0.73361	0.73938	0.90755
0.104	0	0.73399	0.73708	0.90524
0.104	0.05	0.73361	0.73938	0.90755
0.104	0.1	0.73342	0.74494	0.91444
0.104	0.15	0.73359	0.75266	0.92577
0.104	0.2	0.73398	0.76144	0.94128
0.104	0.25	0.73454	0.77028	0.9606
0.104	0.3	0.73525	0.77844	0.98329
0.104	0.35	0.73607	0.78552	--
0.104	0.4	0.73699	0.79139	--
0.104	0.45	0.738	0.79607	--
0.104	0.5	0.73906	0.79967	--
0.104	0.55	0.74016	0.80235	--
0.104	0.6	0.74127	0.80427	--
0.104	0.65	0.74236	0.80558	--
0.104	0.7	0.74341	0.80642	--
0.104	0.75	0.74437	0.80691	--
0.104	0.8	0.74521	0.80715	--
0.104	0.85	0.74591	0.80725	--
0.104	0.9	0.74643	0.80726	--
0.104	0.95	0.74676	0.80725	--
0.104	1	0.74687	0.80724	--
0.108	-1	0.74685	0.80721	--
0.108	-0.95	0.74674	0.80722	--
0.108	-0.9	0.74642	0.80723	--
0.108	-0.85	0.7459	0.80721	--
0.108	-0.8	0.7452	0.80711	--
0.108	-0.75	0.74435	0.80685	--
0.108	-0.7	0.74339	0.80634	--
0.108	-0.65	0.74234	0.80547	--
0.108	-0.6	0.74124	0.80412	--
0.108	-0.55	0.74013	0.80213	--
0.108	-0.5	0.73902	0.79934	--
0.108	-0.45	0.73795	0.79558	--
0.108	-0.4	0.73694	0.79066	--
0.108	-0.35	0.736	0.78443	1
0.108	-0.3	0.73515	0.77685	0.97388
0.108	-0.25	0.7344	0.76803	0.95068
0.108	-0.2	0.73376	0.75839	0.93092
0.108	-0.15	0.73321	0.74879	0.91506
0.108	-0.1	0.7327	0.7405	0.90348
0.108	-0.05	0.73185	0.73528	0.89644
0.108	0	0.73093	0.73403	0.89408
0.108	0.05	0.73185	0.73528	0.89644
0.108	0.1	0.7327	0.7405	0.90348
0.108	0.15	0.73321	0.74879	0.91506
0.108	0.2	0.73376	0.75839	0.93092
0.108	0.25	0.7344	0.76803	0.95068
0.108	0.3	0.73515	0.77685	0.97388
0.108	0.35	0.736	0.78443	1
0.108	0.4	0.73694	0.79066	--
0.108	0.45	0.73795	0.79558	--
0.108	0.5	0.73902	0.79934	--
0.108	0.55	0.74013	0.80213	--
0.108	0.6	0.74124	0.80412	--
0.108	0.65	0.74234	0.80547	--
0.108	0.7	0.74339	0.80634	--
0.108	0.75	0.74435	0.80685	--
0.108	0.8	0.7452	0.80711	--
0.108	0.85	0.7459	0.80721	--
0.108	0.9	0.74642	0.80723	--
0.108	0.95	0.74674	0.80722	--
0.108	1	0.74685	0.80721	--
0.112	-1	0.74681	0.80717	--
0.112	-0.95	0.7467	0.80718	--
0.112	-0.9	0.74638	0.80719	--
0.112	-0.85	0.74585	0.80716	--
0.112	-0.8	0.74515	0.80706	--
0.112	-0.75	0.74431	0.80679	--
0.112	-0.7	0.74334	0.80626	--
0.112	-0.65	0.74229	0.80537	--
0.112	-0.6	0.74119	0.80398	--
0.112	-0.55	0.74008	0.80193	--
0.112	-0.5	0.73896	0.79904	--
0.112	-0.45	0.73789	0.79513	--
0.112	-0.4	0.73686	0.78998	--
0.112	-0.35	0.7359	0.78342	0.99185
0.112	-0.3	0.73502	0.77535	0.96521
0.112	-0.25	0.73422	0.76588	0.94153
0.112	-0.2	0.73346	0.75546	0.92135
0.112	-0.15	0.7326	0.74515	0.90517
0.112	-0.1	0.73074	0.73721	0.89336
0.112	-0.05	0.72673	0.73443	0.88619
0.112	0	0.72474	0.73398	0.88379
0.112	0.05	0.72673	0.73443	0.88619
0.112	0.1	0.73074	0.73721	0.89336
0.112	0.15	0.7326	0.74515	0.90517
0.112	0.2	0.73346	0.75546	0.92135
0.112	0.25	0.73422	0.76588	0.94153
0.112	0.3	0.73502	0.77535	0.96521
0.112	0.35	0.7359	0.78342	0.99185
0.112	0.4	0.73686	0.78998	--
0.112	0.45	0.73789	0.79513	--
0.112	0.5	0.73896	0.79904	--
0.112	0.55	0.74008	0.80193	--
0.112	0.6	0.74119	0.80398	--
0.112	0.65	0.74229	0.80537	--
0.112	0.7	0.74334	0.80626	--
0.112	0.75	0.74431	0.80679	--
0.112	0.8	0.74515	0.80706	--
0.112	0.85	0.74585	0.80716	--
0.112	0.9	0.74638	0.80719	--
0.112	0.95	0.7467	0.80718	--
0.112	1	0.74681	0.80717	--
0.116	-1	0.74691	0.80727	--
0.116	-0.95	0.7468	0.80728	--
0.116	-0.9	0.74647	0.80729	--
0.116	-0.85	0.74595	0.80726	--
0.116	-0.8	0.74525	0.80715	--
0.116	-0.75	0.7444	0.80687	--
0.116	-0.7	0.74343	0.80634	--
0.116	-0.65	0.74238	0.80542	--
0.116	-0.6	0.74128	0.804	--
0.116	-0.55	0.74016	0.80189	--
0.116	-0.5	0.73904	0.79892	--
0.116	-0.45	0.73796	0.79487	--
0.116	-0.4	0.73692	0.78951	--
0.116	-0.35	0.73594	0.78262	0.98434
0.116	-0.3	0.73503	0.77408	0.9572
0.116	-0.25	0.73416	0.76397	0.93307
0.116	-0.2	0.73323	0.75281	0.9125
0.116	-0.15	0.73171	0.74209	0.89602
0.116	-0.1	0.7271	0.73585	0.884
0.116	-0.05	0.72101	0.73436	0.87671
0.116	0	0.71856	0.73407	0.87427
0.116	0.05	0.72101	0.73436	0.87671
0.116	0.1	0.7271	0.73585	0.884
0.116	0.15	0.73171	0.74209	0.89602
0.116	0.2	0.73323	0.75281	0.91908
0.116	0.25	0.73416	0.76397	0.93307
0.116	0.3	0.73503	0.77408	0.9572
0.116	0.35	0.73594	0.78262	0.98434
0.116	0.4	0.73692	0.78951	--
0.116	0.45	0.73796	0.79487	--
0.116	0.5	0.73904	0.79892	--
0.116	0.55	0.74016	0.80189	--
0.116	0.6	0.74128	0.804	--
0.116	0.65	0.74238	0.80542	--
0.116	0.7	0.74343	0.80634	--
0.116	0.75	0.7444	0.80687	--
0.116	0.8	0.74525	0.80715	--
0.116	0.85	0.74595	0.80726	--
0.116	0.9	0.74647	0.80729	--
0.116	0.95	0.7468	0.80728	--
0.116	1	0.74691	0.80727	--
0.12	-1	0.74685	0.80718	--
0.12	-0.95	0.74674	0.80719	--
0.12	-0.9	0.74642	0.8072	--
0.12	-0.85	0.74589	0.80717	--
0.12	-0.8	0.74519	0.80705	--
0.12	-0.75	0.74434	0.80677	--
0.12	-0.7	0.74337	0.80622	--
0.12	-0.65	0.74232	0.80529	--
0.12	-0.6	0.74122	0.80384	--
0.12	-0.55	0.74009	0.80168	--
0.12	-0.5	0.73897	0.79864	--
0.12	-0.45	0.73788	0.79446	--
0.12	-0.4	0.73683	0.7889	--
0.12	-0.35	0.73583	0.7817	0.97739
0.12	-0.3	0.73488	0.77271	0.94979
0.12	-0.25	0.73393	0.76198	0.92523
0.12	-0.2	0.73275	0.75013	0.9043
0.12	-0.15	0.72998	0.73957	0.88753
0.12	-0.1	0.72235	0.73525	0.87533
0.12	-0.05	0.71493	0.73424	0.86794
0.12	0	0.71211	0.73401	0.86546
0.12	0.05	0.71493	0.73424	0.86794
0.12	0.1	0.72235	0.73525	0.87533
0.12	0.15	0.72998	0.73957	0.88753
0.12	0.2	0.73275	0.75013	0.9043
0.12	0.25	0.73393	0.76198	0.92523
0.12	0.3	0.73488	0.77271	0.94979
0.12	0.35	0.73583	0.7817	0.97739
0.12	0.4	0.73683	0.7889	--
0.12	0.45	0.73788	0.79446	--
0.12	0.5	0.73897	0.79864	--
0.12	0.55	0.74009	0.80168	--
0.12	0.6	0.74122	0.80384	--
0.12	0.65	0.74232	0.80529	--
0.12	0.7	0.74337	0.80622	--
0.12	0.75	0.74434	0.80677	--
0.12	0.8	0.74519	0.80705	--
0.12	0.85	0.74589	0.80717	--
0.12	0.9	0.74642	0.8072	--
0.12	0.95	0.74674	0.80719	--
0.12	1	0.74685	0.80718	--
0.124	-1	0.74685	0.80719	--
0.124	-0.95	0.74674	0.8072	--
0.124	-0.9	0.74641	0.8072	--
0.124	-0.85	0.74589	0.80717	--
0.124	-0.8	0.74518	0.80705	--
0.124	-0.75	0.74433	0.80677	--
0.124	-0.7	0.74336	0.80621	--
0.124	-0.65	0.74231	0.80527	--
0.124	-0.6	0.74121	0.80378	--
0.124	-0.55	0.74008	0.80159	--
0.124	-0.5	0.73895	0.79847	--
0.124	-0.45	0.73785	0.79418	--
0.124	-0.4	0.73679	0.78844	--
0.124	-0.35	0.73577	0.78095	0.97095
0.124	-0.3	0.73479	0.77152	0.94291
0.124	-0.25	0.73374	0.76018	0.91942
0.124	-0.2	0.73221	0.74775	0.89668
0.124	-0.15	0.72748	0.73798	0.87965
0.124	-0.1	0.71736	0.73499	0.86728
0.124	-0.05	0.70883	0.73421	0.8598
0.124	0	0.70564	0.73401	0.8573
0.124	0.05	0.70883	0.73421	0.8598
0.124	0.1	0.71736	0.73499	0.86728
0.124	0.15	0.72748	0.73798	0.87965
0.124	0.2	0.73221	0.74775	0.89668
0.124	0.25	0.73374	0.76018	0.91942
0.124	0.3	0.73479	0.77152	0.94291
0.124	0.35	0.73577	0.78095	0.97095
0.124	0.4	0.73679	0.78844	--
0.124	0.45	0.73785	0.79418	--
0.124	0.5	0.73895	0.79847	--
0.124	0.55	0.74008	0.80159	--
0.124	0.6	0.74121	0.80378	--
0.124	0.65	0.74231	0.80527	--
0.124	0.7	0.74336	0.80621	--
0.124	0.75	0.74433	0.80677	--
0.124	0.8	0.74518	0.80705	--
0.124	0.85	0.74589	0.80717	--
0.124	0.9	0.74641	0.8072	--
0.124	0.95	0.74674	0.8072	--
0.124	1	0.74685	0.80719	--
0.128	-1	0.74687	0.80724	--
0.128	-0.95	0.74676	0.80724	--
0.128	-0.9	0.74644	0.80725	--
0.128	-0.85	0.74591	0.80722	--
0.128	-0.8	0.74521	0.80709	--
0.128	-0.75	0.74436	0.8068	--
0.128	-0.7	0.74339	0.80624	--
0.128	-0.65	0.74233	0.80528	--
0.128	-0.6	0.74123	0.80378	--
0.128	-0.55	0.7401	0.80155	--
0.128	-0.5	0.73897	0.79837	--
0.128	-0.45	0.73786	0.79397	--
0.128	-0.4	0.73679	0.78806	0.99592
0.128	-0.35	0.73575	0.7803	0.96498
0.128	-0.3	0.73472	0.77044	0.93652
0.128	-0.25	0.73356	0.75853	0.91117
0.128	-0.2	0.73153	0.74563	0.88958
0.128	-0.15	0.7244	0.73708	0.87231
0.128	-0.1	0.71227	0.73488	0.85979
0.128	-0.05	0.70268	0.73421	0.85224
0.128	0	0.69911	0.73403	0.84971
0.128	0.05	0.70268	0.73421	0.85224
0.128	0.1	0.71227	0.73488	0.85979
0.128	0.15	0.7244	0.73708	0.87231
0.128	0.2	0.73153	0.74563	0.88958
0.128	0.25	0.73356	0.75853	0.91117
0.128	0.3	0.73472	0.77044	0.93652
0.128	0.35	0.73575	0.7803	0.96498
0.128	0.4	0.73679	0.78806	0.99592
0.128	0.45	0.73786	0.79397	--
0.128	0.5	0.73897	0.79837	--
0.128	0.55	0.7401	0.80155	--
0.128	0.6	0.74123	0.80378	--
0.128	0.65	0.74233	0.80528	--
0.128	0.7	0.74339	0.80624	--
0.128	0.75	0.74436	0.8068	--
0.128	0.8	0.74521	0.80709	--
0.128	0.85	0.74591	0.80722	--
0.128	0.9	0.74644	0.80725	--
0.128	0.95	0.74676	0.80724	--
0.128	1	0.74687	0.80724	--
0.132	-1	0.74678	0.80711	--
0.132	-0.95	0.74667	0.80712	--
0.132	-0.9	0.74634	0.80712	--
0.132	-0.85	0.74582	0.80709	--
0.132	-0.8	0.74512	0.80696	--
0.132	-0.75	0.74426	0.80667	--
0.132	-0.7	0.74329	0.8061	--
0.132	-0.65	0.74224	0.80513	--
0.132	-0.6	0.74113	0.80361	--
0.132	-0.55	0.74	0.80135	--
0.132	-0.5	0.73886	0.79811	--
0.132	-0.45	0.73775	0.79362	--
0.132	-0.4	0.73667	0.78755	0.99078
0.132	-0.35	0.73561	0.77953	0.95942
0.132	-0.3	0.73454	0.76928	0.93057
0.132	-0.25	0.73325	0.75681	0.90486
0.132	-0.2	0.73051	0.74365	0.88296
0.132	-0.15	0.72083	0.73644	0.86547
0.132	-0.1	0.70697	0.7347	0.85282
0.132	-0.05	0.69631	0.73411	0.8452
0.132	0	0.69235	0.73394	0.84266
0.132	0.05	0.69631	0.73411	0.8452
0.132	0.1	0.70697	0.7347	0.85282
0.132	0.15	0.72083	0.73644	0.86547
0.132	0.2	0.73051	0.74365	0.88296
0.132	0.25	0.73325	0.75681	0.90486
0.132	0.3	0.73454	0.76928	0.93057
0.132	0.35	0.73561	0.77953	0.95942
0.132	0.4	0.73667	0.78755	0.99078
0.132	0.45	0.73775	0.79362	--
0.132	0.5	0.73886	0.79811	--
0.132	0.55	0.74	0.80135	--
0.132	0.6	0.74113	0.80361	--
0.132	0.65	0.74224	0.80513	--
0.132	0.7	0.74329	0.8061	--
0.132	0.75	0.74426	0.80667	--
0.132	0.8	0.74512	0.80696	--
0.132	0.85	0.74582	0.80709	--
0.132	0.9	0.74634	0.80712	--
0.132	0.95	0.74667	0.80712	--
0.132	1	0.74678	0.80711	--
0.136	-1	0.74674	0.80708	--
0.136	-0.95	0.74663	0.80709	--
0.136	-0.9	0.74631	0.80709	--
0.136	-0.85	0.74578	0.80706	--
0.136	-0.8	0.74508	0.80693	--
0.136	-0.75	0.74423	0.80663	--
0.136	-0.7	0.74326	0.80606	--
0.136	-0.65	0.7422	0.80508	--
0.136	-0.6	0.74109	0.80354	--
0.136	-0.55	0.73996	0.80125	--
0.136	-0.5	0.73882	0.79797	--
0.136	-0.45	0.7377	0.79339	--
0.136	-0.4	0.73661	0.78718	0.98599
0.136	-0.35	0.73554	0.77892	0.95424
0.136	-0.3	0.73442	0.76827	0.92501
0.136	-0.25	0.73297	0.75528	0.89896
0.136	-0.2	0.72932	0.74206	0.87678
0.136	-0.15	0.71718	0.73607	0.85909
0.136	-0.1	0.70172	0.7346	0.84632
0.136	-0.05	0.68997	0.73406	0.83866
0.136	0	0.68559	0.73391	0.83611
0.136	0.05	0.68997	0.73406	0.83866
0.136	0.1	0.70172	0.7346	0.84632
0.136	0.15	0.71718	0.73607	0.85909
0.136	0.2	0.72932	0.74206	0.87678
0.136	0.25	0.73297	0.75528	0.89896
0.136	0.3	0.73442	0.76827	0.92501
0.136	0.35	0.73554	0.77892	0.95424
0.136	0.4	0.73661	0.78718	0.98599
0.136	0.45	0.7377	0.79339	--
0.136	0.5	0.73882	0.79797	--
0.136	0.55	0.73996	0.80125	--
0.136	0.6	0.74109	0.80354	--
0.136	0.65	0.7422	0.80508	--
0.136	0.7	0.74326	0.80606	--
0.136	0.75	0.74423	0.80663	--
0.136	0.8	0.74508	0.80693	--
0.136	0.85	0.74578	0.80706	--
0.136	0.9	0.74631	0.80709	--
0.136	0.95	0.74663	0.80709	--
0.136	1	0.74674	0.80708	--
0.14	-1	0.74685	0.80721	--
0.14	-0.95	0.74674	0.80722	--
0.14	-0.9	0.74642	0.80722	--
0.14	-0.85	0.74589	0.80719	--
0.14	-0.8	0.74519	0.80706	--
0.14	-0.75	0.74434	0.80676	--
0.14	-0.7	0.74336	0.80618	--
0.14	-0.65	0.74231	0.80519	--
0.14	-0.6	0.7412	0.80364	--
0.14	-0.55	0.74006	0.80133	--
0.14	-0.5	0.73892	0.798	--
0.14	-0.45	0.7378	0.79335	--
0.14	-0.4	0.7367	0.787	0.98152
0.14	-0.35	0.7356	0.77851	0.94941
0.14	-0.3	0.73444	0.76749	0.91982
0.14	-0.25	0.73282	0.75401	0.89344
0.14	-0.2	0.72803	0.74094	0.87099
0.14	-0.15	0.71361	0.73595	0.85312
0.14	-0.1	0.69659	0.73467	0.84025
0.14	-0.05	0.68369	0.73416	0.83255
0.14	0	0.67889	0.73402	0.83
0.14	0.05	0.68369	0.73416	0.83255
0.14	0.1	0.69659	0.73467	0.84025
0.14	0.15	0.71361	0.73595	0.85312
0.14	0.2	0.72803	0.74094	0.87099
0.14	0.25	0.73282	0.75401	0.89344
0.14	0.3	0.73444	0.76749	0.91982
0.14	0.35	0.7356	0.77851	0.94941
0.14	0.4	0.7367	0.787	0.98152
0.14	0.45	0.7378	0.79335	--
0.14	0.5	0.73892	0.798	--
0.14	0.55	0.74006	0.80133	--
0.14	0.6	0.7412	0.80364	--
0.14	0.65	0.74231	0.80519	--
0.14	0.7	0.74336	0.80618	--
0.14	0.75	0.74434	0.80676	--
0.14	0.8	0.74519	0.80706	--
0.14	0.85	0.74589	0.80719	--
0.14	0.9	0.74642	0.80722	--
0.14	0.95	0.74674	0.80722	--
0.14	1	0.74685	0.80721	--