-1	5.06447	7.28365	7.77601	8.04098	9.97371	10.88556	5.06447	7.28365	7.77601	8.04098
-1	5.06447	7.28365	7.77601	8.04098	9.97371	10.88556				
-0.95	4.92744	7.18904	7.68747	7.95538	9.90483	10.82249				
-0.95	4.92744	7.18904	7.68747	7.95538	9.90483	10.82249				
-0.95	4.92744	7.18904	7.68747	7.95538	9.90483	10.82249				
-0.95	4.92744	7.18904	7.68747	7.95538	9.90483	10.82249				
-0.95	4.92744	7.18904	7.68747	7.95538	9.90483	10.82249				
-0.95	4.92744	7.18904	7.68747	7.95538	9.90483	10.82249				
-0.95	4.92744	7.18904	7.68747	7.95538	9.90483	10.82249				
-0.95	4.92744	7.18904	7.68747	7.95538	9.90483	10.82249				
-0.9	4.79382	7.09812	7.60251	7.87332	9.83904	10.76231	4.79382	7.09812	7.60251	7.87332
-0.9	4.79382	7.09812	7.60251	7.87332	9.83904	10.76231	4.79382	7.09812	7.60251	7.87332
-0.9	4.79382	7.09812	7.60251	7.87332	9.83904	10.76231	4.79382	7.09812	7.60251	7.87332
-0.9	4.79382	7.09812	7.60251	7.87332	9.83904	10.76231	4.79382	7.09812	7.60251	7.87332
-0.9	4.79382	7.09812	7.60251	7.87332	9.83904	10.76231	4.79382	7.09812	7.60251	7.87332
-0.9	4.79382	7.09812	7.60251	7.87332	9.83904	10.76231	4.79382	7.09812	7.60251	7.87332
-0.9	4.79382	7.09812	7.60251	7.87332	9.83904	10.76231	4.79382	7.09812	7.60251	7.87332
-0.9	4.79382	7.09812	7.60251	7.87332	9.83904	10.76231	4.79382	7.09812	7.60251	7.87332
-0.85	4.6639	7.01103	7.52126	7.7949	9.77639	10.70507				
-0.85	4.6639	7.01103	7.52126	7.7949	9.77639	10.70507				
-0.85	4.6639	7.01103	7.52126	7.7949	9.77639	10.70507				
-0.85	4.6639	7.01103	7.52126	7.7949	9.77639	10.70507				
-0.85	4.6639	7.01103	7.52126	7.7949	9.77639	10.70507				
-0.85	4.6639	7.01103	7.52126	7.7949	9.77639	10.70507				
-0.85	4.6639	7.01103	7.52126	7.7949	9.77639	10.70507				
-0.85	4.6639	7.01103	7.52126	7.7949	9.77639	10.70507				
-0.8	4.53799	6.92792	7.44385	7.72022	9.71696	10.65082	4.53799	6.92792	7.44385	7.72022
-0.8	4.53799	6.92792	7.44385	7.72022	9.71696	10.65082	4.53799	6.92792	7.44385	7.72022
-0.8	4.53799	6.92792	7.44385	7.72022	9.71696	10.65082	4.53799	6.92792	7.44385	7.72022
-0.8	4.53799	6.92792	7.44385	7.72022	9.71696	10.65082	4.53799	6.92792	7.44385	7.72022
-0.8	4.53799	6.92792	7.44385	7.72022	9.71696	10.65082	4.53799	6.92792	7.44385	7.72022
-0.8	4.53799	6.92792	7.44385	7.72022	9.71696	10.65082	4.53799	6.92792	7.44385	7.72022
-0.8	4.53799	6.92792	7.44385	7.72022	9.71696	10.65082	4.53799	6.92792	7.44385	7.72022
-0.8	4.53799	6.92792	7.44385	7.72022	9.71696	10.65082	4.53799	6.92792	7.44385	7.72022
-0.75	4.41645	6.84892	7.37038	7.64941	9.6608	10.59961				
-0.75	4.41645	6.84892	7.37038	7.64941	9.6608	10.59961				
-0.75	4.41645	6.84892	7.37038	7.64941	9.6608	10.59961				
-0.75	4.41645	6.84892	7.37038	7.64941	9.6608	10.59961				
-0.75	4.41645	6.84892	7.37038	7.64941	9.6608	10.59961				
-0.75	4.41645	6.84892	7.37038	7.64941	9.6608	10.59961				
-0.75	4.41645	6.84892	7.37038	7.64941	9.6608	10.59961				
-0.75	4.41645	6.84892	7.37038	7.64941	9.6608	10.59961				
-0.7	4.29964	6.77418	7.30099	7.58257	9.60796	10.55147	4.29964	6.77418	7.30099	7.58257
-0.7	4.29964	6.77418	7.30099	7.58257	9.60796	10.55147	4.29964	6.77418	7.30099	7.58257
-0.7	4.29964	6.77418	7.30099	7.58257	9.60796	10.55147	4.29964	6.77418	7.30099	7.58257
-0.7	4.29964	6.77418	7.30099	7.58257	9.60796	10.55147	4.29964	6.77418	7.30099	7.58257
-0.7	4.29964	6.77418	7.30099	7.58257	9.60796	10.55147	4.29964	6.77418	7.30099	7.58257
-0.7	4.29964	6.77418	7.30099	7.58257	9.60796	10.55147	4.29964	6.77418	7.30099	7.58257
-0.7	4.29964	6.77418	7.30099	7.58257	9.60796	10.55147	4.29964	6.77418	7.30099	7.58257
-0.7	4.29964	6.77418	7.30099	7.58257	9.60796	10.55147	4.29964	6.77418	7.30099	7.58257
-0.65	4.18796	6.70385	7.23578	7.51981	9.5585	10.50646				
-0.65	4.18796	6.70385	7.23578	7.51981	9.5585	10.50646				
-0.65	4.18796	6.70385	7.23578	7.51981	9.5585	10.50646				
-0.65	4.18796	6.70385	7.23578	7.51981	9.5585	10.50646				
-0.65	4.18796	6.70385	7.23578	7.51981	9.5585	10.50646				
-0.65	4.18796	6.70385	7.23578	7.51981	9.5585	10.50646				
-0.65	4.18796	6.70385	7.23578	7.51981	9.5585	10.50646				
-0.65	4.18796	6.70385	7.23578	7.51981	9.5585	10.50646				
-0.6	4.08183	6.63807	7.17487	7.46122	9.51248	10.4646	4.08183	6.63807	7.17487	7.46122
-0.6	4.08183	6.63807	7.17487	7.46122	9.51248	10.4646	4.08183	6.63807	7.17487	7.46122
-0.6	4.08183	6.63807	7.17487	7.46122	9.51248	10.4646	4.08183	6.63807	7.17487	7.46122
-0.6	4.08183	6.63807	7.17487	7.46122	9.51248	10.4646	4.08183	6.63807	7.17487	7.46122
-0.6	4.08183	6.63807	7.17487	7.46122	9.51248	10.4646	4.08183	6.63807	7.17487	7.46122
-0.6	4.08183	6.63807	7.17487	7.46122	9.51248	10.4646	4.08183	6.63807	7.17487	7.46122
-0.6	4.08183	6.63807	7.17487	7.46122	9.51248	10.4646	4.08183	6.63807	7.17487	7.46122
-0.6	4.08183	6.63807	7.17487	7.46122	9.51248	10.4646	4.08183	6.63807	7.17487	7.46122
-0.55	3.98169	6.57697	7.11838	7.40691	9.46994	10.42595				
-0.55	3.98169	6.57697	7.11838	7.40691	9.46994	10.42595				
-0.55	3.98169	6.57697	7.11838	7.40691	9.46994	10.42595				
-0.55	3.98169	6.57697	7.11838	7.40691	9.46994	10.42595				
-0.55	3.98169	6.57697	7.11838	7.40691	9.46994	10.42595				
-0.55	3.98169	6.57697	7.11838	7.40691	9.46994	10.42595				
-0.55	3.98169	6.57697	7.11838	7.40691	9.46994	10.42595				
-0.55	3.98169	6.57697	7.11838	7.40691	9.46994	10.42595				
-0.5	3.88801	6.52068	7.0664	7.35697	9.43094	10.39053	3.88801	6.52068	7.0664	7.35697
-0.5	3.88801	6.52068	7.0664	7.35697	9.43094	10.39053	3.88801	6.52068	7.0664	7.35697
-0.5	3.88801	6.52068	7.0664	7.35697	9.43094	10.39053	3.88801	6.52068	7.0664	7.35697
-0.5	3.88801	6.52068	7.0664	7.35697	9.43094	10.39053	3.88801	6.52068	7.0664	7.35697
-0.5	3.88801	6.52068	7.0664	7.35697	9.43094	10.39053	3.88801	6.52068	7.0664	7.35697
-0.5	3.88801	6.52068	7.0664	7.35697	9.43094	10.39053	3.88801	6.52068	7.0664	7.35697
-0.5	3.88801	6.52068	7.0664	7.35697	9.43094	10.39053	3.88801	6.52068	7.0664	7.35697
-0.5	3.88801	6.52068	7.0664	7.35697	9.43094	10.39053	3.88801	6.52068	7.0664	7.35697
-0.45	3.80126	6.46933	7.01905	7.3115	9.3955	10.35839				
-0.45	3.80126	6.46933	7.01905	7.3115	9.3955	10.35839				
-0.45	3.80126	6.46933	7.01905	7.3115	9.3955	10.35839				
-0.45	3.80126	6.46933	7.01905	7.3115	9.3955	10.35839				
-0.45	3.80126	6.46933	7.01905	7.3115	9.3955	10.35839				
-0.45	3.80126	6.46933	7.01905	7.3115	9.3955	10.35839				
-0.45	3.80126	6.46933	7.01905	7.3115	9.3955	10.35839				
-0.45	3.80126	6.46933	7.01905	7.3115	9.3955	10.35839				
-0.4	3.72192	6.42303	6.9764	7.27057	9.36369	10.32954	3.72192	6.42303	6.9764	7.27057
-0.4	3.72192	6.42303	6.9764	7.27057	9.36369	10.32954	3.72192	6.42303	6.9764	7.27057
-0.4	3.72192	6.42303	6.9764	7.27057	9.36369	10.32954	3.72192	6.42303	6.9764	7.27057
-0.4	3.72192	6.42303	6.9764	7.27057	9.36369	10.32954	3.72192	6.42303	6.9764	7.27057
-0.4	3.72192	6.42303	6.9764	7.27057	9.36369	10.32954	3.72192	6.42303	6.9764	7.27057
-0.4	3.72192	6.42303	6.9764	7.27057	9.36369	10.32954	3.72192	6.42303	6.9764	7.27057
-0.4	3.72192	6.42303	6.9764	7.27057	9.36369	10.32954	3.72192	6.42303	6.9764	7.27057
-0.4	3.72192	6.42303	6.9764	7.27057	9.36369	10.32954	3.72192	6.42303	6.9764	7.27057
-0.35	3.65049	6.38191	6.93856	7.23426	9.33553	10.30401				
-0.35	3.65049	6.38191	6.93856	7.23426	9.33553	10.30401				
-0.35	3.65049	6.38191	6.93856	7.23426	9.33553	10.30401				
-0.35	3.65049	6.38191	6.93856	7.23426	9.33553	10.30401				
-0.35	3.65049	6.38191	6.93856	7.23426	9.33553	10.30401				
-0.35	3.65049	6.38191	6.93856	7.23426	9.33553	10.30401				
-0.35	3.65049	6.38191	6.93856	7.23426	9.33553	10.30401				
-0.35	3.65049	6.38191	6.93856	7.23426	9.33553	10.30401				
-0.3	3.58744	6.34605	6.90559	7.20265	9.31105	10.28184	3.58744	6.34605	6.90559	7.20265
-0.3	3.58744	6.34605	6.90559	7.20265	9.31105	10.28184	3.58744	6.34605	6.90559	7.20265
-0.3	3.58744	6.34605	6.90559	7.20265	9.31105	10.28184	3.58744	6.34605	6.90559	7.20265
-0.3	3.58744	6.34605	6.90559	7.20265	9.31105	10.28184	3.58744	6.34605	6.90559	7.20265
-0.3	3.58744	6.34605	6.90559	7.20265	9.31105	10.28184	3.58744	6.34605	6.90559	7.20265
-0.3	3.58744	6.34605	6.90559	7.20265	9.31105	10.28184	3.58744	6.34605	6.90559	7.20265
-0.3	3.58744	6.34605	6.90559	7.20265	9.31105	10.28184	3.58744	6.34605	6.90559	7.20265
-0.3	3.58744	6.34605	6.90559	7.20265	9.31105	10.28184	3.58744	6.34605	6.90559	7.20265
-0.25	3.5332	6.31555	6.87757	7.17579	9.29029	10.26305				
-0.25	3.5332	6.31555	6.87757	7.17579	9.29029	10.26305				
-0.25	3.5332	6.31555	6.87757	7.17579	9.29029	10.26305				
-0.25	3.5332	6.31555	6.87757	7.17579	9.29029	10.26305				
-0.25	3.5332	6.31555	6.87757	7.17579	9.29029	10.26305				
-0.25	3.5332	6.31555	6.87757	7.17579	9.29029	10.26305				
-0.25	3.5332	6.31555	6.87757	7.17579	9.29029	10.26305				
-0.25	3.5332	6.31555	6.87757	7.17579	9.29029	10.26305				
-0.2	3.4882	6.29048	6.85456	7.15374	9.27327	10.24764	3.4882	6.29048	6.85456	7.15374
-0.2	3.4882	6.29048	6.85456	7.15374	9.27327	10.24764	3.4882	6.29048	6.85456	7.15374
-0.2	3.4882	6.29048	6.85456	7.15374	9.27327	10.24764	3.4882	6.29048	6.85456	7.15374
-0.2	3.4882	6.29048	6.85456	7.15374	9.27327	10.24764	3.4882	6.29048	6.85456	7.15374
-0.2	3.4882	6.29048	6.85456	7.15374	9.27327	10.24764	3.4882	6.29048	6.85456	7.15374
-0.2	3.4882	6.29048	6.85456	7.15374	9.27327	10.24764	3.4882	6.29048	6.85456	7.15374
-0.2	3.4882	6.29048	6.85456	7.15374	9.27327	10.24764	3.4882	6.29048	6.85456	7.15374
-0.2	3.4882	6.29048	6.85456	7.15374	9.27327	10.24764	3.4882	6.29048	6.85456	7.15374
-0.15	3.4528	6.27092	6.83661	7.13654	9.26001	10.23564				
-0.15	3.4528	6.27092	6.83661	7.13654	9.26001	10.23564				
-0.15	3.4528	6.27092	6.83661	7.13654	9.26001	10.23564				
-0.15	3.4528	6.27092	6.83661	7.13654	9.26001	10.23564				
-0.15	3.4528	6.27092	6.83661	7.13654	9.26001	10.23564				
-0.15	3.4528	6.27092	6.83661	7.13654	9.26001	10.23564				
-0.15	3.4528	6.27092	6.83661	7.13654	9.26001	10.23564				
-0.15	3.4528	6.27092	6.83661	7.13654	9.26001	10.23564				
-0.1	3.42728	6.25691	6.82376	7.12424	9.25052	10.22707	3.42728	6.25691	6.82376	7.12424
-0.1	3.42728	6.25691	6.82376	7.12424	9.25052	10.22707	3.42728	6.25691	6.82376	7.12424
-0.1	3.42728	6.25691	6.82376	7.12424	9.25052	10.22707	3.42728	6.25691	6.82376	7.12424
-0.1	3.42728	6.25691	6.82376	7.12424	9.25052	10.22707	3.42728	6.25691	6.82376	7.12424
-0.1	3.42728	6.25691	6.82376	7.12424	9.25052	10.22707	3.42728	6.25691	6.82376	7.12424
-0.1	3.42728	6.25691	6.82376	7.12424	9.25052	10.22707	3.42728	6.25691	6.82376	7.12424
-0.1	3.42728	6.25691	6.82376	7.12424	9.25052	10.22707	3.42728	6.25691	6.82376	7.12424
-0.1	3.42728	6.25691	6.82376	7.12424	9.25052	10.22707	3.42728	6.25691	6.82376	7.12424
-0.05	3.41188	6.24849	6.81604	7.11684	9.24483	10.22191				
-0.05	3.41188	6.24849	6.81604	7.11684	9.24483	10.22191				
-0.05	3.41188	6.24849	6.81604	7.11684	9.24483	10.22191				
-0.05	3.41188	6.24849	6.81604	7.11684	9.24483	10.22191				
-0.05	3.41188	6.24849	6.81604	7.11684	9.24483	10.22191				
-0.05	3.41188	6.24849	6.81604	7.11684	9.24483	10.22191				
-0.05	3.41188	6.24849	6.81604	7.11684	9.24483	10.22191				
-0.05	3.41188	6.24849	6.81604	7.11684	9.24483	10.22191				
0	3.40673	6.24568	6.81346	7.11437	9.24293	10.2202				
0	3.40673	6.24568	6.81346	7.11437	9.24293	10.2202				
0	3.40673	6.24568	6.81346	7.11437	9.24293	10.2202				
0	3.40673	6.24568	6.81346	7.11437	9.24293	10.2202	3.40673	6.24568	6.81346	7.11437
0	3.40673	6.24568	6.81346	7.11437	9.24293	10.2202	3.40673	6.24568	6.81346	7.11437
0	3.40673	6.24568	6.81346	7.11437	9.24293	10.2202	3.40673	6.24568	6.81346	7.11437
0	3.40673	6.24568	6.81346	7.11437	9.24293	10.2202	3.40673	6.24568	6.81346	7.11437
0	3.40673	6.24568	6.81346	7.11437	9.24293	10.2202	3.40673	6.24568	6.81346	7.11437
0.05	3.41188	6.24849	6.81604	7.11684	9.24483	10.22191				
0.05	3.41188	6.24849	6.81604	7.11684	9.24483	10.22191				
0.05	3.41188	6.24849	6.81604	7.11684	9.24483	10.22191				
0.05	3.41188	6.24849	6.81604	7.11684	9.24483	10.22191				
0.05	3.41188	6.24849	6.81604	7.11684	9.24483	10.22191				
0.05	3.41188	6.24849	6.81604	7.11684	9.24483	10.22191				
0.05	3.41188	6.24849	6.81604	7.11684	9.24483	10.22191				
0.05	3.41188	6.24849	6.81604	7.11684	9.24483	10.22191				
0.1	3.42728	6.25691	6.82376	7.12424	9.25052	10.22707	3.42728	6.25691	6.82376	7.12424
0.1	3.42728	6.25691	6.82376	7.12424	9.25052	10.22707	3.42728	6.25691	6.82376	7.12424
0.1	3.42728	6.25691	6.82376	7.12424	9.25052	10.22707	3.42728	6.25691	6.82376	7.12424
0.1	3.42728	6.25691	6.82376	7.12424	9.25052	10.22707	3.42728	6.25691	6.82376	7.12424
0.1	3.42728	6.25691	6.82376	7.12424	9.25052	10.22707	3.42728	6.25691	6.82376	7.12424
0.1	3.42728	6.25691	6.82376	7.12424	9.25052	10.22707	3.42728	6.25691	6.82376	7.12424
0.1	3.42728	6.25691	6.82376	7.12424	9.25052	10.22707	3.42728	6.25691	6.82376	7.12424
0.1	3.42728	6.25691	6.82376	7.12424	9.25052	10.22707	3.42728	6.25691	6.82376	7.12424
0.15	3.4528	6.27092	6.83661	7.13654	9.26001	10.23564				
0.15	3.4528	6.27092	6.83661	7.13654	9.26001	10.23564				
0.15	3.4528	6.27092	6.83661	7.13654	9.26001	10.23564				
0.15	3.4528	6.27092	6.83661	7.13654	9.26001	10.23564				
0.15	3.4528	6.27092	6.83661	7.13654	9.26001	10.23564				
0.15	3.4528	6.27092	6.83661	7.13654	9.26001	10.23564				
0.15	3.4528	6.27092	6.83661	7.13654	9.26001	10.23564				
0.15	3.4528	6.27092	6.83661	7.13654	9.26001	10.23564				
0.2	3.4882	6.29048	6.85456	7.15374	9.27327	10.24764	3.4882	6.29048	6.85456	7.15374
0.2	3.4882	6.29048	6.85456	7.15374	9.27327	10.24764	3.4882	6.29048	6.85456	7.15374
0.2	3.4882	6.29048	6.85456	7.15374	9.27327	10.24764	3.4882	6.29048	6.85456	7.15374
0.2	3.4882	6.29048	6.85456	7.15374	9.27327	10.24764	3.4882	6.29048	6.85456	7.15374
0.2	3.4882	6.29048	6.85456	7.15374	9.27327	10.24764	3.4882	6.29048	6.85456	7.15374
0.2	3.4882	6.29048	6.85456	7.15374	9.27327	10.24764	3.4882	6.29048	6.85456	7.15374
0.2	3.4882	6.29048	6.85456	7.15374	9.27327	10.24764	3.4882	6.29048	6.85456	7.15374
0.2	3.4882	6.29048	6.85456	7.15374	9.27327	10.24764	3.4882	6.29048	6.85456	7.15374
0.25	3.5332	6.31555	6.87757	7.17579	9.29029	10.26305				
0.25	3.5332	6.31555	6.87757	7.17579	9.29029	10.26305				
0.25	3.5332	6.31555	6.87757	7.17579	9.29029	10.26305				
0.25	3.5332	6.31555	6.87757	7.17579	9.29029	10.26305				
0.25	3.5332	6.31555	6.87757	7.17579	9.29029	10.26305				
0.25	3.5332	6.31555	6.87757	7.17579	9.29029	10.26305				
0.25	3.5332	6.31555	6.87757	7.17579	9.29029	10.26305				
0.25	3.5332	6.31555	6.87757	7.17579	9.29029	10.26305				
0.3	3.58744	6.34605	6.90559	7.20265	9.31105	10.28184	3.58744	6.34605	6.90559	7.20265
0.3	3.58744	6.34605	6.90559	7.20265	9.31105	10.28184	3.58744	6.34605	6.90559	7.20265
0.3	3.58744	6.34605	6.90559	7.20265	9.31105	10.28184	3.58744	6.34605	6.90559	7.20265
0.3	3.58744	6.34605	6.90559	7.20265	9.31105	10.28184	3.58744	6.34605	6.90559	7.20265
0.3	3.58744	6.34605	6.90559	7.20265	9.31105	10.28184	3.58744	6.34605	6.90559	7.20265
0.3	3.58744	6.34605	6.90559	7.20265	9.31105	10.28184	3.58744	6.34605	6.90559	7.20265
0.3	3.58744	6.34605	6.90559	7.20265	9.31105	10.28184	3.58744	6.34605	6.90559	7.20265
0.3	3.58744	6.34605	6.90559	7.20265	9.31105	10.28184	3.58744	6.34605	6.90559	7.20265
0.35	3.65049	6.38191	6.93856	7.23426	9.33553	10.30401				
0.35	3.65049	6.38191	6.93856	7.23426	9.33553	10.30401				
0.35	3.65049	6.38191	6.93856	7.23426	9.33553	10.30401				
0.35	3.65049	6.38191	6.93856	7.23426	9.33553	10.30401				
0.35	3.65049	6.38191	6.93856	7.23426	9.33553	10.30401				
0.35	3.65049	6.38191	6.93856	7.23426	9.33553	10.30401				
0.35	3.65049	6.38191	6.93856	7.23426	9.33553	10.30401				
0.35	3.65049	6.38191	6.93856	7.23426	9.33553	10.30401				
0.4	3.72192	6.42303	6.9764	7.27057	9.36369	10.32954	3.72192	6.42303	6.9764	7.27057
0.4	3.72192	6.42303	6.9764	7.27057	9.36369	10.32954	3.72192	6.42303	6.9764	7.27057
0.4	3.72192	6.42303	6.9764	7.27057	9.36369	10.32954	3.72192	6.42303	6.9764	7.27057
0.4	3.72192	6.42303	6.9764	7.27057	9.36369	10.32954	3.72192	6.42303	6.9764	7.27057
0.4	3.72192	6.42303	6.9764	7.27057	9.36369	10.32954	3.72192	6.42303	6.9764	7.27057
0.4	3.72192	6.42303	6.9764	7.27057	9.36369	10.32954	3.72192	6.42303	6.9764	7.27057
0.4	3.72192	6.42303	6.9764	7.27057	9.36369	10.32954	3.72192	6.42303	6.9764	7.27057
0.4	3.72192	6.42303	6.9764	7.27057	9.36369	10.32954	3.72192	6.42303	6.9764	7.27057
0.45	3.80126	6.46933	7.01905	7.3115	9.3955	10.35839				
0.45	3.80126	6.46933	7.01905	7.3115	9.3955	10.35839				
0.45	3.80126	6.46933	7.01905	7.3115	9.3955	10.35839				
0.45	3.80126	6.46933	7.01905	7.3115	9.3955	10.35839				
0.45	3.80126	6.46933	7.01905	7.3115	9.3955	10.35839				
0.45	3.80126	6.46933	7.01905	7.3115	9.3955	10.35839				
0.45	3.80126	6.46933	7.01905	7.3115	9.3955	10.35839				
0.45	3.80126	6.46933	7.01905	7.3115	9.3955	10.35839				
0.5	3.88801	6.52068	7.0664	7.35697	9.43094	10.39053	3.88801	6.52068	7.0664	7.35697
0.5	3.88801	6.52068	7.0664	7.35697	9.43094	10.39053	3.88801	6.52068	7.0664	7.35697
0.5	3.88801	6.52068	7.0664	7.35697	9.43094	10.39053	3.88801	6.52068	7.0664	7.35697
0.5	3.88801	6.52068	7.0664	7.35697	9.43094	10.39053	3.88801	6.52068	7.0664	7.35697
0.5	3.88801	6.52068	7.0664	7.35697	9.43094	10.39053	3.88801	6.52068	7.0664	7.35697
0.5	3.88801	6.52068	7.0664	7.35697	9.43094	10.39053	3.88801	6.52068	7.0664	7.35697
0.5	3.88801	6.52068	7.0664	7.35697	9.43094	10.39053	3.88801	6.52068	7.0664	7.35697
0.5	3.88801	6.52068	7.0664	7.35697	9.43094	10.39053	3.88801	6.52068	7.0664	7.35697
0.55	3.98169	6.57697	7.11838	7.40691	9.46994	10.42595				
0.55	3.98169	6.57697	7.11838	7.40691	9.46994	10.42595				
0.55	3.98169	6.57697	7.11838	7.40691	9.46994	10.42595				
0.55	3.98169	6.57697	7.11838	7.40691	9.46994	10.42595				
0.55	3.98169	6.57697	7.11838	7.40691	9.46994	10.42595				
0.55	3.98169	6.57697	7.11838	7.40691	9.46994	10.42595				
0.55	3.98169	6.57697	7.11838	7.40691	9.46994	10.42595				
0.55	3.98169	6.57697	7.11838	7.40691	9.46994	10.42595				
0.6	4.08183	6.63807	7.17487	7.46122	9.51248	10.4646	4.08183	6.63807	7.17487	7.46122
0.6	4.08183	6.63807	7.17487	7.46122	9.51248	10.4646	4.08183	6.63807	7.17487	7.46122
0.6	4.08183	6.63807	7.17487	7.46122	9.51248	10.4646	4.08183	6.63807	7.17487	7.46122
0.6	4.08183	6.63807	7.17487	7.46122	9.51248	10.4646	4.08183	6.63807	7.17487	7.46122
0.6	4.08183	6.63807	7.17487	7.46122	9.51248	10.4646	4.08183	6.63807	7.17487	7.46122
0.6	4.08183	6.63807	7.17487	7.46122	9.51248	10.4646	4.08183	6.63807	7.17487	7.46122
0.6	4.08183	6.63807	7.17487	7.46122	9.51248	10.4646	4.08183	6.63807	7.17487	7.46122
0.6	4.08183	6.63807	7.17487	7.46122	9.51248	10.4646	4.08183	6.63807	7.17487	7.46122
0.65	4.18796	6.70385	7.23578	7.51981	9.5585	10.50646				
0.65	4.18796	6.70385	7.23578	7.51981	9.5585	10.50646				
0.65	4.18796	6.70385	7.23578	7.51981	9.5585	10.50646				
0.65	4.18796	6.70385	7.23578	7.51981	9.5585	10.50646				
0.65	4.18796	6.70385	7.23578	7.51981	9.5585	10.50646				
0.65	4.18796	6.70385	7.23578	7.51981	9.5585	10.50646				
0.65	4.18796	6.70385	7.23578	7.51981	9.5585	10.50646				
0.65	4.18796	6.70385	7.23578	7.51981	9.5585	10.50646				
0.7	4.29964	6.77418	7.30099	7.58257	9.60796	10.55147	4.29964	6.77418	7.30099	7.58257
0.7	4.29964	6.77418	7.30099	7.58257	9.60796	10.55147	4.29964	6.77418	7.30099	7.58257
0.7	4.29964	6.77418	7.30099	7.58257	9.60796	10.55147	4.29964	6.77418	7.30099	7.58257
0.7	4.29964	6.77418	7.30099	7.58257	9.60796	10.55147	4.29964	6.77418	7.30099	7.58257
0.7	4.29964	6.77418	7.30099	7.58257	9.60796	10.55147	4.29964	6.77418	7.30099	7.58257
0.7	4.29964	6.77418	7.30099	7.58257	9.60796	10.55147	4.29964	6.77418	7.30099	7.58257
0.7	4.29964	6.77418	7.30099	7.58257	9.60796	10.55147	4.29964	6.77418	7.30099	7.58257
0.7	4.29964	6.77418	7.30099	7.58257	9.60796	10.55147	4.29964	6.77418	7.30099	7.58257
0.75	4.41645	6.84892	7.37038	7.64941	9.6608	10.59961				
0.75	4.41645	6.84892	7.37038	7.64941	9.6608	10.59961				
0.75	4.41645	6.84892	7.37038	7.64941	9.6608	10.59961				
0.75	4.41645	6.84892	7.37038	7.64941	9.6608	10.59961				
0.75	4.41645	6.84892	7.37038	7.64941	9.6608	10.59961				
0.75	4.41645	6.84892	7.37038	7.64941	9.6608	10.59961				
0.75	4.41645	6.84892	7.37038	7.64941	9.6608	10.59961				
0.75	4.41645	6.84892	7.37038	7.64941	9.6608	10.59961				
0.8	4.53799	6.92792	7.44385	7.72022	9.71696	10.65082	4.53799	6.92792	7.44385	7.72022
0.8	4.53799	6.92792	7.44385	7.72022	9.71696	10.65082	4.53799	6.92792	7.44385	7.72022
0.8	4.53799	6.92792	7.44385	7.72022	9.71696	10.65082	4.53799	6.92792	7.44385	7.72022
0.8	4.53799	6.92792	7.44385	7.72022	9.71696	10.65082	4.53799	6.92792	7.44385	7.72022
0.8	4.53799	6.92792	7.44385	7.72022	9.71696	10.65082	4.53799	6.92792	7.44385	7.72022
0.8	4.53799	6.92792	7.44385	7.72022	9.71696	10.65082	4.53799	6.92792	7.44385	7.72022
0.8	4.53799	6.92792	7.44385	7.72022	9.71696	10.65082	4.53799	6.92792	7.44385	7.72022
0.8	4.53799	6.92792	7.44385	7.72022	9.71696	10.65082	4.53799	6.92792	7.44385	7.72022
0.85	4.6639	7.01103	7.52126	7.7949	9.77639	10.70507				
0.85	4.6639	7.01103	7.52126	7.7949	9.77639	10.70507				
0.85	4.6639	7.01103	7.52126	7.7949	9.77639	10.70507				
0.85	4.6639	7.01103	7.52126	7.7949	9.77639	10.70507				
0.85	4.6639	7.01103	7.52126	7.7949	9.77639	10.70507				
0.85	4.6639	7.01103	7.52126	7.7949	9.77639	10.70507				
0.85	4.6639	7.01103	7.52126	7.7949	9.77639	10.70507				
0.85	4.6639	7.01103	7.52126	7.7949	9.77639	10.70507				
0.9	4.79382	7.09812	7.60251	7.87332	9.83904	10.76231				
0.9	4.79382	7.09812	7.60251	7.87332	9.83904	10.76231				
0.9	4.79382	7.09812	7.60251	7.87332	9.83904	10.76231	4.79382	7.09812	7.60251	7.87332
0.9	4.79382	7.09812	7.60251	7.87332	9.83904	10.76231	4.79382	7.09812	7.60251	7.87332
0.9	4.79382	7.09812	7.60251	7.87332	9.83904	10.76231	4.79382	7.09812	7.60251	7.87332
0.9	4.79382	7.09812	7.60251	7.87332	9.83904	10.76231	4.79382	7.09812	7.60251	7.87332
0.9	4.79382	7.09812	7.60251	7.87332	9.83904	10.76231	4.79382	7.09812	7.60251	7.87332
0.9	4.79382	7.09812	7.60251	7.87332	9.83904	10.76231	4.79382	7.09812	7.60251	7.87332
0.95	4.92744	7.18904	7.68747	7.95538	9.90483	10.82249				
0.95	4.92744	7.18904	7.68747	7.95538	9.90483	10.82249				
0.95	4.92744	7.18904	7.68747	7.95538	9.90483	10.82249				
0.95	4.92744	7.18904	7.68747	7.95538	9.90483	10.82249				
0.95	4.92744	7.18904	7.68747	7.95538	9.90483	10.82249				
0.95	4.92744	7.18904	7.68747	7.95538	9.90483	10.82249				
0.95	4.92744	7.18904	7.68747	7.95538	9.90483	10.82249				
0.95	4.92744	7.18904	7.68747	7.95538	9.90483	10.82249				
1	5.06447	7.28365	7.77601	8.04098	9.97371	10.88556	5.06447	7.28365	7.77601	8.04098
1	5.06447	7.28365	7.77601	8.04098	9.97371	10.88556	5.06447	7.28365	7.77601	8.04098
1	5.06447	7.28365	7.77601	8.04098	9.97371	10.88556	5.06447	7.28365	7.77601	8.04098
1	5.06447	7.28365	7.77601	8.04098	9.97371	10.88556	5.06447	7.28365	7.77601	8.04098
1	5.06447	7.28365	7.77601	8.04098	9.97371	10.88556	5.06447	7.28365	7.77601	8.04098
1	5.06447	7.28365	7.77601	8.04098	9.97371	10.88556	5.06447	7.28365	7.77601	8.04098
1	5.06447	7.28365	7.77601	8.04098	9.97371	10.88556	5.06447	7.28365	7.77601	8.04098
1	5.06447	7.28365	7.77601	8.04098	9.97371	10.88556	5.06447	7.28365	7.77601	8.04098