-1	3.95011	4.50382	5.29963	7.28365	6.24568	7.38998	7.70019	8.19113	8.37945	8.83272	3.95011
-1	3.95011	4.50382	5.29963	7.28365	6.24568	7.38998	7.70019	8.19113	8.37945	8.83272	3.95011
-1	3.95011	4.50382	5.29963	7.28365	6.24568	7.38998	7.70019	8.19113	8.37945	8.83272	3.95011
-1	3.95011	4.50382	5.29963	7.28365	6.24568	7.38998	7.70019	8.19113	8.37945	8.83272	3.95011
-1	3.95011	4.50382	5.29963	7.28365	6.24568	7.38998	7.70019	8.19113	8.37945	8.83272	3.95011
-1	3.95011	4.50382	5.29963	7.28365	6.24568	7.38998	7.70019	8.19113	8.37945	8.83272	3.95011
-1	3.95011	4.50382	5.29963	7.28365	6.24568	7.38998	7.70019	8.19113	8.37945	8.83272	3.95011
-1	3.95011	4.50382	5.29963	7.28365	6.24568	7.38998	7.70019	8.19113	8.37945	8.83272	3.95011
-1	3.95011	4.50382	5.29963	7.28365	6.24568	7.38998	7.70019	8.19113	8.37945	8.83272	3.95011
-1	3.95011	4.50382	5.29963	7.28365	6.24568	7.38998	7.70019	8.19113	8.37945	8.83272	3.95011
-1	3.95011	4.50382	5.29963	7.28365	6.24568	7.38998	7.70019	8.19113	8.37945	8.83272	3.95011
-1	3.95011	4.50382	5.29963	7.28365	6.24568	7.38998	7.70019	8.19113	8.37945	8.83272	3.95011
-1	3.95011	4.50382	5.29963	7.28365	6.24568	7.38998	7.70019	8.19113	8.37945	8.83272	3.95011
-1	3.95011	4.50382	5.29963	7.28365	6.24568	7.38998	7.70019	8.19113	8.37945	8.83272	3.95011
-1	3.95011	4.50382	5.29963	7.28365	6.24568	7.38998	7.70019	8.19113	8.37945	8.83272	3.95011
-1	3.95011	4.50382	5.29963	7.28365	6.24568	7.38998	7.70019	8.19113	8.37945	8.83272	3.95011
-1	3.95011	4.50382	5.29963	7.28365	6.24568	7.38998	7.70019	8.19113	8.37945	8.83272	3.95011
-1	3.95011	4.50382	5.29963	7.28365	6.24568	7.38998	7.70019	8.19113	8.37945	8.83272	3.95011
-1	3.95011	4.50382	5.29963	7.28365	6.24568	7.38998	7.70019	8.19113	8.37945	8.83272	3.95011
-1	3.95011	4.50382	5.29963	7.28365	6.24568	7.38998	7.70019	8.19113	8.37945	8.83272	3.95011
-1	3.95011	4.50382	5.29963	7.28365	6.24568	7.38998	7.70019	8.19113	8.37945	8.83272	3.95011
-1	3.95011	4.50382	5.29963	7.28365	6.24568	7.38998	7.70019	8.19113	8.37945	8.83272	3.95011
-1	3.95011	4.50382	5.29963	7.28365	6.24568	7.38998	7.70019	8.19113	8.37945	8.83272	3.95011
-0.95	3.77282	4.34916	5.16884	7.18904	6.13509	7.29676	7.61076	8.10712	8.29735	8.75487	
-0.95	3.77282	4.34916	5.16884	7.18904	6.13509	7.29676	7.61076	8.10712	8.29735	8.75487	
-0.95	3.77282	4.34916	5.16884	7.18904	6.13509	7.29676	7.61076	8.10712	8.29735	8.75487	
-0.95	3.77282	4.34916	5.16884	7.18904	6.13509	7.29676	7.61076	8.10712	8.29735	8.75487	
-0.95	3.77282	4.34916	5.16884	7.18904	6.13509	7.29676	7.61076	8.10712	8.29735	8.75487	
-0.95	3.77282	4.34916	5.16884	7.18904	6.13509	7.29676	7.61076	8.10712	8.29735	8.75487	
-0.95	3.77282	4.34916	5.16884	7.18904	6.13509	7.29676	7.61076	8.10712	8.29735	8.75487	
-0.95	3.77282	4.34916	5.16884	7.18904	6.13509	7.29676	7.61076	8.10712	8.29735	8.75487	
-0.95	3.77282	4.34916	5.16884	7.18904	6.13509	7.29676	7.61076	8.10712	8.29735	8.75487	
-0.95	3.77282	4.34916	5.16884	7.18904	6.13509	7.29676	7.61076	8.10712	8.29735	8.75487	
-0.95	3.77282	4.34916	5.16884	7.18904	6.13509	7.29676	7.61076	8.10712	8.29735	8.75487	
-0.95	3.77282	4.34916	5.16884	7.18904	6.13509	7.29676	7.61076	8.10712	8.29735	8.75487	
-0.95	3.77282	4.34916	5.16884	7.18904	6.13509	7.29676	7.61076	8.10712	8.29735	8.75487	
-0.95	3.77282	4.34916	5.16884	7.18904	6.13509	7.29676	7.61076	8.10712	8.29735	8.75487	
-0.95	3.77282	4.34916	5.16884	7.18904	6.13509	7.29676	7.61076	8.10712	8.29735	8.75487	
-0.95	3.77282	4.34916	5.16884	7.18904	6.13509	7.29676	7.61076	8.10712	8.29735	8.75487	
-0.95	3.77282	4.34916	5.16884	7.18904	6.13509	7.29676	7.61076	8.10712	8.29735	8.75487	
-0.95	3.77282	4.34916	5.16884	7.18904	6.13509	7.29676	7.61076	8.10712	8.29735	8.75487	
-0.95	3.77282	4.34916	5.16884	7.18904	6.13509	7.29676	7.61076	8.10712	8.29735	8.75487	
-0.95	3.77282	4.34916	5.16884	7.18904	6.13509	7.29676	7.61076	8.10712	8.29735	8.75487	
-0.95	3.77282	4.34916	5.16884	7.18904	6.13509	7.29676	7.61076	8.10712	8.29735	8.75487	
-0.95	3.77282	4.34916	5.16884	7.18904	6.13509	7.29676	7.61076	8.10712	8.29735	8.75487	
-0.95	3.77282	4.34916	5.16884	7.18904	6.13509	7.29676	7.61076	8.10712	8.29735	8.75487	
-0.9	3.59656	4.19717	5.04162	7.09812	6.02829	7.2072	7.52494	8.02661	8.2187	8.68037	3.59656
-0.9	3.59656	4.19717	5.04162	7.09812	6.02829	7.2072	7.52494	8.02661	8.2187	8.68037	3.59656
-0.9	3.59656	4.19717	5.04162	7.09812	6.02829	7.2072	7.52494	8.02661	8.2187	8.68037	3.59656
-0.9	3.59656	4.19717	5.04162	7.09812	6.02829	7.2072	7.52494	8.02661	8.2187	8.68037	3.59656
-0.9	3.59656	4.19717	5.04162	7.09812	6.02829	7.2072	7.52494	8.02661	8.2187	8.68037	3.59656
-0.9	3.59656	4.19717	5.04162	7.09812	6.02829	7.2072	7.52494	8.02661	8.2187	8.68037	3.59656
-0.9	3.59656	4.19717	5.04162	7.09812	6.02829	7.2072	7.52494	8.02661	8.2187	8.68037	3.59656
-0.9	3.59656	4.19717	5.04162	7.09812	6.02829	7.2072	7.52494	8.02661	8.2187	8.68037	3.59656
-0.9	3.59656	4.19717	5.04162	7.09812	6.02829	7.2072	7.52494	8.02661	8.2187	8.68037	3.59656
-0.9	3.59656	4.19717	5.04162	7.09812	6.02829	7.2072	7.52494	8.02661	8.2187	8.68037	3.59656
-0.9	3.59656	4.19717	5.04162	7.09812	6.02829	7.2072	7.52494	8.02661	8.2187	8.68037	3.59656
-0.9	3.59656	4.19717	5.04162	7.09812	6.02829	7.2072	7.52494	8.02661	8.2187	8.68037	3.59656
-0.9	3.59656	4.19717	5.04162	7.09812	6.02829	7.2072	7.52494	8.02661	8.2187	8.68037	3.59656
-0.9	3.59656	4.19717	5.04162	7.09812	6.02829	7.2072	7.52494	8.02661	8.2187	8.68037	3.59656
-0.9	3.59656	4.19717	5.04162	7.09812	6.02829	7.2072	7.52494	8.02661	8.2187	8.68037	3.59656
-0.9	3.59656	4.19717	5.04162	7.09812	6.02829	7.2072	7.52494	8.02661	8.2187	8.68037	3.59656
-0.9	3.59656	4.19717	5.04162	7.09812	6.02829	7.2072	7.52494	8.02661	8.2187	8.68037	3.59656
-0.9	3.59656	4.19717	5.04162	7.09812	6.02829	7.2072	7.52494	8.02661	8.2187	8.68037	3.59656
-0.9	3.59656	4.19717	5.04162	7.09812	6.02829	7.2072	7.52494	8.02661	8.2187	8.68037	3.59656
-0.9	3.59656	4.19717	5.04162	7.09812	6.02829	7.2072	7.52494	8.02661	8.2187	8.68037	3.59656
-0.9	3.59656	4.19717	5.04162	7.09812	6.02829	7.2072	7.52494	8.02661	8.2187	8.68037	3.59656
-0.9	3.59656	4.19717	5.04162	7.09812	6.02829	7.2072	7.52494	8.02661	8.2187	8.68037	3.59656
-0.9	3.59656	4.19717	5.04162	7.09812	6.02829	7.2072	7.52494	8.02661	8.2187	8.68037	3.59656
-0.85	3.42147	4.04814	4.91825	7.01103	5.9255	7.12144	7.44284	7.94969	8.1436	8.6093	
-0.85	3.42147	4.04814	4.91825	7.01103	5.9255	7.12144	7.44284	7.94969	8.1436	8.6093	
-0.85	3.42147	4.04814	4.91825	7.01103	5.9255	7.12144	7.44284	7.94969	8.1436	8.6093	
-0.85	3.42147	4.04814	4.91825	7.01103	5.9255	7.12144	7.44284	7.94969	8.1436	8.6093	
-0.85	3.42147	4.04814	4.91825	7.01103	5.9255	7.12144	7.44284	7.94969	8.1436	8.6093	
-0.85	3.42147	4.04814	4.91825	7.01103	5.9255	7.12144	7.44284	7.94969	8.1436	8.6093	
-0.85	3.42147	4.04814	4.91825	7.01103	5.9255	7.12144	7.44284	7.94969	8.1436	8.6093	
-0.85	3.42147	4.04814	4.91825	7.01103	5.9255	7.12144	7.44284	7.94969	8.1436	8.6093	
-0.85	3.42147	4.04814	4.91825	7.01103	5.9255	7.12144	7.44284	7.94969	8.1436	8.6093	
-0.85	3.42147	4.04814	4.91825	7.01103	5.9255	7.12144	7.44284	7.94969	8.1436	8.6093	
-0.85	3.42147	4.04814	4.91825	7.01103	5.9255	7.12144	7.44284	7.94969	8.1436	8.6093	
-0.85	3.42147	4.04814	4.91825	7.01103	5.9255	7.12144	7.44284	7.94969	8.1436	8.6093	
-0.85	3.42147	4.04814	4.91825	7.01103	5.9255	7.12144	7.44284	7.94969	8.1436	8.6093	
-0.85	3.42147	4.04814	4.91825	7.01103	5.9255	7.12144	7.44284	7.94969	8.1436	8.6093	
-0.85	3.42147	4.04814	4.91825	7.01103	5.9255	7.12144	7.44284	7.94969	8.1436	8.6093	
-0.85	3.42147	4.04814	4.91825	7.01103	5.9255	7.12144	7.44284	7.94969	8.1436	8.6093	
-0.85	3.42147	4.04814	4.91825	7.01103	5.9255	7.12144	7.44284	7.94969	8.1436	8.6093	
-0.85	3.42147	4.04814	4.91825	7.01103	5.9255	7.12144	7.44284	7.94969	8.1436	8.6093	
-0.85	3.42147	4.04814	4.91825	7.01103	5.9255	7.12144	7.44284	7.94969	8.1436	8.6093	
-0.85	3.42147	4.04814	4.91825	7.01103	5.9255	7.12144	7.44284	7.94969	8.1436	8.6093	
-0.85	3.42147	4.04814	4.91825	7.01103	5.9255	7.12144	7.44284	7.94969	8.1436	8.6093	
-0.85	3.42147	4.04814	4.91825	7.01103	5.9255	7.12144	7.44284	7.94969	8.1436	8.6093	
-0.85	3.42147	4.04814	4.91825	7.01103	5.9255	7.12144	7.44284	7.94969	8.1436	8.6093	
-0.8	3.24775	3.90242	4.79902	6.92792	5.82692	7.03963	7.3646	7.87649	8.07216	8.54175	3.24775
-0.8	3.24775	3.90242	4.79902	6.92792	5.82692	7.03963	7.3646	7.87649	8.07216	8.54175	3.24775
-0.8	3.24775	3.90242	4.79902	6.92792	5.82692	7.03963	7.3646	7.87649	8.07216	8.54175	3.24775
-0.8	3.24775	3.90242	4.79902	6.92792	5.82692	7.03963	7.3646	7.87649	8.07216	8.54175	3.24775
-0.8	3.24775	3.90242	4.79902	6.92792	5.82692	7.03963	7.3646	7.87649	8.07216	8.54175	3.24775
-0.8	3.24775	3.90242	4.79902	6.92792	5.82692	7.03963	7.3646	7.87649	8.07216	8.54175	3.24775
-0.8	3.24775	3.90242	4.79902	6.92792	5.82692	7.03963	7.3646	7.87649	8.07216	8.54175	3.24775
-0.8	3.24775	3.90242	4.79902	6.92792	5.82692	7.03963	7.3646	7.87649	8.07216	8.54175	3.24775
-0.8	3.24775	3.90242	4.79902	6.92792	5.82692	7.03963	7.3646	7.87649	8.07216	8.54175	3.24775
-0.8	3.24775	3.90242	4.79902	6.92792	5.82692	7.03963	7.3646	7.87649	8.07216	8.54175	3.24775
-0.8	3.24775	3.90242	4.79902	6.92792	5.82692	7.03963	7.3646	7.87649	8.07216	8.54175	3.24775
-0.8	3.24775	3.90242	4.79902	6.92792	5.82692	7.03963	7.3646	7.87649	8.07216	8.54175	3.24775
-0.8	3.24775	3.90242	4.79902	6.92792	5.82692	7.03963	7.3646	7.87649	8.07216	8.54175	3.24775
-0.8	3.24775	3.90242	4.79902	6.92792	5.82692	7.03963	7.3646	7.87649	8.07216	8.54175	3.24775
-0.8	3.24775	3.90242	4.79902	6.92792	5.82692	7.03963	7.3646	7.87649	8.07216	8.54175	3.24775
-0.8	3.24775	3.90242	4.79902	6.92792	5.82692	7.03963	7.3646	7.87649	8.07216	8.54175	3.24775
-0.8	3.24775	3.90242	4.79902	6.92792	5.82692	7.03963	7.3646	7.87649	8.07216	8.54175	3.24775
-0.8	3.24775	3.90242	4.79902	6.92792	5.82692	7.03963	7.3646	7.87649	8.07216	8.54175	3.24775
-0.8	3.24775	3.90242	4.79902	6.92792	5.82692	7.03963	7.3646	7.87649	8.07216	8.54175	3.24775
-0.8	3.24775	3.90242	4.79902	6.92792	5.82692	7.03963	7.3646	7.87649	8.07216	8.54175	3.24775
-0.8	3.24775	3.90242	4.79902	6.92792	5.82692	7.03963	7.3646	7.87649	8.07216	8.54175	3.24775
-0.8	3.24775	3.90242	4.79902	6.92792	5.82692	7.03963	7.3646	7.87649	8.07216	8.54175	3.24775
-0.8	3.24775	3.90242	4.79902	6.92792	5.82692	7.03963	7.3646	7.87649	8.07216	8.54175	3.24775
-0.75	3.07564	3.7604	4.68426	6.84892	5.73277	6.9619	7.29034	7.8071	8.00446	8.4778	
-0.75	3.07564	3.7604	4.68426	6.84892	5.73277	6.9619	7.29034	7.8071	8.00446	8.4778	
-0.75	3.07564	3.7604	4.68426	6.84892	5.73277	6.9619	7.29034	7.8071	8.00446	8.4778	
-0.75	3.07564	3.7604	4.68426	6.84892	5.73277	6.9619	7.29034	7.8071	8.00446	8.4778	
-0.75	3.07564	3.7604	4.68426	6.84892	5.73277	6.9619	7.29034	7.8071	8.00446	8.4778	
-0.75	3.07564	3.7604	4.68426	6.84892	5.73277	6.9619	7.29034	7.8071	8.00446	8.4778	
-0.75	3.07564	3.7604	4.68426	6.84892	5.73277	6.9619	7.29034	7.8071	8.00446	8.4778	
-0.75	3.07564	3.7604	4.68426	6.84892	5.73277	6.9619	7.29034	7.8071	8.00446	8.4778	
-0.75	3.07564	3.7604	4.68426	6.84892	5.73277	6.9619	7.29034	7.8071	8.00446	8.4778	
-0.75	3.07564	3.7604	4.68426	6.84892	5.73277	6.9619	7.29034	7.8071	8.00446	8.4778	
-0.75	3.07564	3.7604	4.68426	6.84892	5.73277	6.9619	7.29034	7.8071	8.00446	8.4778	
-0.75	3.07564	3.7604	4.68426	6.84892	5.73277	6.9619	7.29034	7.8071	8.00446	8.4778	
-0.75	3.07564	3.7604	4.68426	6.84892	5.73277	6.9619	7.29034	7.8071	8.00446	8.4778	
-0.75	3.07564	3.7604	4.68426	6.84892	5.73277	6.9619	7.29034	7.8071	8.00446	8.4778	
-0.75	3.07564	3.7604	4.68426	6.84892	5.73277	6.9619	7.29034	7.8071	8.00446	8.4778	
-0.75	3.07564	3.7604	4.68426	6.84892	5.73277	6.9619	7.29034	7.8071	8.00446	8.4778	
-0.75	3.07564	3.7604	4.68426	6.84892	5.73277	6.9619	7.29034	7.8071	8.00446	8.4778	
-0.75	3.07564	3.7604	4.68426	6.84892	5.73277	6.9619	7.29034	7.8071	8.00446	8.4778	
-0.75	3.07564	3.7604	4.68426	6.84892	5.73277	6.9619	7.29034	7.8071	8.00446	8.4778	
-0.75	3.07564	3.7604	4.68426	6.84892	5.73277	6.9619	7.29034	7.8071	8.00446	8.4778	
-0.75	3.07564	3.7604	4.68426	6.84892	5.73277	6.9619	7.29034	7.8071	8.00446	8.4778	
-0.75	3.07564	3.7604	4.68426	6.84892	5.73277	6.9619	7.29034	7.8071	8.00446	8.4778	
-0.75	3.07564	3.7604	4.68426	6.84892	5.73277	6.9619	7.29034	7.8071	8.00446	8.4778	
-0.7	2.90541	3.62249	4.57429	6.77418	5.64327	6.88839	7.22017	7.74162	7.94061	8.41754	2.90541
-0.7	2.90541	3.62249	4.57429	6.77418	5.64327	6.88839	7.22017	7.74162	7.94061	8.41754	2.90541
-0.7	2.90541	3.62249	4.57429	6.77418	5.64327	6.88839	7.22017	7.74162	7.94061	8.41754	2.90541
-0.7	2.90541	3.62249	4.57429	6.77418	5.64327	6.88839	7.22017	7.74162	7.94061	8.41754	2.90541
-0.7	2.90541	3.62249	4.57429	6.77418	5.64327	6.88839	7.22017	7.74162	7.94061	8.41754	2.90541
-0.7	2.90541	3.62249	4.57429	6.77418	5.64327	6.88839	7.22017	7.74162	7.94061	8.41754	2.90541
-0.7	2.90541	3.62249	4.57429	6.77418	5.64327	6.88839	7.22017	7.74162	7.94061	8.41754	2.90541
-0.7	2.90541	3.62249	4.57429	6.77418	5.64327	6.88839	7.22017	7.74162	7.94061	8.41754	2.90541
-0.7	2.90541	3.62249	4.57429	6.77418	5.64327	6.88839	7.22017	7.74162	7.94061	8.41754	2.90541
-0.7	2.90541	3.62249	4.57429	6.77418	5.64327	6.88839	7.22017	7.74162	7.94061	8.41754	2.90541
-0.7	2.90541	3.62249	4.57429	6.77418	5.64327	6.88839	7.22017	7.74162	7.94061	8.41754	2.90541
-0.7	2.90541	3.62249	4.57429	6.77418	5.64327	6.88839	7.22017	7.74162	7.94061	8.41754	2.90541
-0.7	2.90541	3.62249	4.57429	6.77418	5.64327	6.88839	7.22017	7.74162	7.94061	8.41754	2.90541
-0.7	2.90541	3.62249	4.57429	6.77418	5.64327	6.88839	7.22017	7.74162	7.94061	8.41754	2.90541
-0.7	2.90541	3.62249	4.57429	6.77418	5.64327	6.88839	7.22017	7.74162	7.94061	8.41754	2.90541
-0.7	2.90541	3.62249	4.57429	6.77418	5.64327	6.88839	7.22017	7.74162	7.94061	8.41754	2.90541
-0.7	2.90541	3.62249	4.57429	6.77418	5.64327	6.88839	7.22017	7.74162	7.94061	8.41754	2.90541
-0.7	2.90541	3.62249	4.57429	6.77418	5.64327	6.88839	7.22017	7.74162	7.94061	8.41754	2.90541
-0.7	2.90541	3.62249	4.57429	6.77418	5.64327	6.88839	7.22017	7.74162	7.94061	8.41754	2.90541
-0.7	2.90541	3.62249	4.57429	6.77418	5.64327	6.88839	7.22017	7.74162	7.94061	8.41754	2.90541
-0.7	2.90541	3.62249	4.57429	6.77418	5.64327	6.88839	7.22017	7.74162	7.94061	8.41754	2.90541
-0.7	2.90541	3.62249	4.57429	6.77418	5.64327	6.88839	7.22017	7.74162	7.94061	8.41754	2.90541
-0.7	2.90541	3.62249	4.57429	6.77418	5.64327	6.88839	7.22017	7.74162	7.94061	8.41754	2.90541
-0.65	2.73743	3.4892	4.46948	6.70385	5.55865	6.81924	7.15423	7.68015	7.8807	8.36105	
-0.65	2.73743	3.4892	4.46948	6.70385	5.55865	6.81924	7.15423	7.68015	7.8807	8.36105	
-0.65	2.73743	3.4892	4.46948	6.70385	5.55865	6.81924	7.15423	7.68015	7.8807	8.36105	
-0.65	2.73743	3.4892	4.46948	6.70385	5.55865	6.81924	7.15423	7.68015	7.8807	8.36105	
-0.65	2.73743	3.4892	4.46948	6.70385	5.55865	6.81924	7.15423	7.68015	7.8807	8.36105	
-0.65	2.73743	3.4892	4.46948	6.70385	5.55865	6.81924	7.15423	7.68015	7.8807	8.36105	
-0.65	2.73743	3.4892	4.46948	6.70385	5.55865	6.81924	7.15423	7.68015	7.8807	8.36105	
-0.65	2.73743	3.4892	4.46948	6.70385	5.55865	6.81924	7.15423	7.68015	7.8807	8.36105	
-0.65	2.73743	3.4892	4.46948	6.70385	5.55865	6.81924	7.15423	7.68015	7.8807	8.36105	
-0.65	2.73743	3.4892	4.46948	6.70385	5.55865	6.81924	7.15423	7.68015	7.8807	8.36105	
-0.65	2.73743	3.4892	4.46948	6.70385	5.55865	6.81924	7.15423	7.68015	7.8807	8.36105	
-0.65	2.73743	3.4892	4.46948	6.70385	5.55865	6.81924	7.15423	7.68015	7.8807	8.36105	
-0.65	2.73743	3.4892	4.46948	6.70385	5.55865	6.81924	7.15423	7.68015	7.8807	8.36105	
-0.65	2.73743	3.4892	4.46948	6.70385	5.55865	6.81924	7.15423	7.68015	7.8807	8.36105	
-0.65	2.73743	3.4892	4.46948	6.70385	5.55865	6.81924	7.15423	7.68015	7.8807	8.36105	
-0.65	2.73743	3.4892	4.46948	6.70385	5.55865	6.81924	7.15423	7.68015	7.8807	8.36105	
-0.65	2.73743	3.4892	4.46948	6.70385	5.55865	6.81924	7.15423	7.68015	7.8807	8.36105	
-0.65	2.73743	3.4892	4.46948	6.70385	5.55865	6.81924	7.15423	7.68015	7.8807	8.36105	
-0.65	2.73743	3.4892	4.46948	6.70385	5.55865	6.81924	7.15423	7.68015	7.8807	8.36105	
-0.65	2.73743	3.4892	4.46948	6.70385	5.55865	6.81924	7.15423	7.68015	7.8807	8.36105	
-0.65	2.73743	3.4892	4.46948	6.70385	5.55865	6.81924	7.15423	7.68015	7.8807	8.36105	
-0.65	2.73743	3.4892	4.46948	6.70385	5.55865	6.81924	7.15423	7.68015	7.8807	8.36105	
-0.65	2.73743	3.4892	4.46948	6.70385	5.55865	6.81924	7.15423	7.68015	7.8807	8.36105	
-0.6	2.57213	3.36108	4.37019	6.63807	5.47913	6.75458	7.09262	7.6228	7.82481	8.30839	2.57213
-0.6	2.57213	3.36108	4.37019	6.63807	5.47913	6.75458	7.09262	7.6228	7.82481	8.30839	2.57213
-0.6	2.57213	3.36108	4.37019	6.63807	5.47913	6.75458	7.09262	7.6228	7.82481	8.30839	2.57213
-0.6	2.57213	3.36108	4.37019	6.63807	5.47913	6.75458	7.09262	7.6228	7.82481	8.30839	2.57213
-0.6	2.57213	3.36108	4.37019	6.63807	5.47913	6.75458	7.09262	7.6228	7.82481	8.30839	2.57213
-0.6	2.57213	3.36108	4.37019	6.63807	5.47913	6.75458	7.09262	7.6228	7.82481	8.30839	2.57213
-0.6	2.57213	3.36108	4.37019	6.63807	5.47913	6.75458	7.09262	7.6228	7.82481	8.30839	2.57213
-0.6	2.57213	3.36108	4.37019	6.63807	5.47913	6.75458	7.09262	7.6228	7.82481	8.30839	2.57213
-0.6	2.57213	3.36108	4.37019	6.63807	5.47913	6.75458	7.09262	7.6228	7.82481	8.30839	2.57213
-0.6	2.57213	3.36108	4.37019	6.63807	5.47913	6.75458	7.09262	7.6228	7.82481	8.30839	2.57213
-0.6	2.57213	3.36108	4.37019	6.63807	5.47913	6.75458	7.09262	7.6228	7.82481	8.30839	2.57213
-0.6	2.57213	3.36108	4.37019	6.63807	5.47913	6.75458	7.09262	7.6228	7.82481	8.30839	2.57213
-0.6	2.57213	3.36108	4.37019	6.63807	5.47913	6.75458	7.09262	7.6228	7.82481	8.30839	2.57213
-0.6	2.57213	3.36108	4.37019	6.63807	5.47913	6.75458	7.09262	7.6228	7.82481	8.30839	2.57213
-0.6	2.57213	3.36108	4.37019	6.63807	5.47913	6.75458	7.09262	7.6228	7.82481	8.30839	2.57213
-0.6	2.57213	3.36108	4.37019	6.63807	5.47913	6.75458	7.09262	7.6228	7.82481	8.30839	2.57213
-0.6	2.57213	3.36108	4.37019	6.63807	5.47913	6.75458	7.09262	7.6228	7.82481	8.30839	2.57213
-0.6	2.57213	3.36108	4.37019	6.63807	5.47913	6.75458	7.09262	7.6228	7.82481	8.30839	2.57213
-0.6	2.57213	3.36108	4.37019	6.63807	5.47913	6.75458	7.09262	7.6228	7.82481	8.30839	2.57213
-0.6	2.57213	3.36108	4.37019	6.63807	5.47913	6.75458	7.09262	7.6228	7.82481	8.30839	2.57213
-0.6	2.57213	3.36108	4.37019	6.63807	5.47913	6.75458	7.09262	7.6228	7.82481	8.30839	2.57213
-0.6	2.57213	3.36108	4.37019	6.63807	5.47913	6.75458	7.09262	7.6228	7.82481	8.30839	2.57213
-0.6	2.57213	3.36108	4.37019	6.63807	5.47913	6.75458	7.09262	7.6228	7.82481	8.30839	2.57213
-0.55	2.41005	3.23873	4.27681	6.57697	5.40495	6.69454	7.03547	7.56965	7.77304	8.25966	
-0.55	2.41005	3.23873	4.27681	6.57697	5.40495	6.69454	7.03547	7.56965	7.77304	8.25966	
-0.55	2.41005	3.23873	4.27681	6.57697	5.40495	6.69454	7.03547	7.56965	7.77304	8.25966	
-0.55	2.41005	3.23873	4.27681	6.57697	5.40495	6.69454	7.03547	7.56965	7.77304	8.25966	
-0.55	2.41005	3.23873	4.27681	6.57697	5.40495	6.69454	7.03547	7.56965	7.77304	8.25966	
-0.55	2.41005	3.23873	4.27681	6.57697	5.40495	6.69454	7.03547	7.56965	7.77304	8.25966	
-0.55	2.41005	3.23873	4.27681	6.57697	5.40495	6.69454	7.03547	7.56965	7.77304	8.25966	
-0.55	2.41005	3.23873	4.27681	6.57697	5.40495	6.69454	7.03547	7.56965	7.77304	8.25966	
-0.55	2.41005	3.23873	4.27681	6.57697	5.40495	6.69454	7.03547	7.56965	7.77304	8.25966	
-0.55	2.41005	3.23873	4.27681	6.57697	5.40495	6.69454	7.03547	7.56965	7.77304	8.25966	
-0.55	2.41005	3.23873	4.27681	6.57697	5.40495	6.69454	7.03547	7.56965	7.77304	8.25966	
-0.55	2.41005	3.23873	4.27681	6.57697	5.40495	6.69454	7.03547	7.56965	7.77304	8.25966	
-0.55	2.41005	3.23873	4.27681	6.57697	5.40495	6.69454	7.03547	7.56965	7.77304	8.25966	
-0.55	2.41005	3.23873	4.27681	6.57697	5.40495	6.69454	7.03547	7.56965	7.77304	8.25966	
-0.55	2.41005	3.23873	4.27681	6.57697	5.40495	6.69454	7.03547	7.56965	7.77304	8.25966	
-0.55	2.41005	3.23873	4.27681	6.57697	5.40495	6.69454	7.03547	7.56965	7.77304	8.25966	
-0.55	2.41005	3.23873	4.27681	6.57697	5.40495	6.69454	7.03547	7.56965	7.77304	8.25966	
-0.55	2.41005	3.23873	4.27681	6.57697	5.40495	6.69454	7.03547	7.56965	7.77304	8.25966	
-0.55	2.41005	3.23873	4.27681	6.57697	5.40495	6.69454	7.03547	7.56965	7.77304	8.25966	
-0.55	2.41005	3.23873	4.27681	6.57697	5.40495	6.69454	7.03547	7.56965	7.77304	8.25966	
-0.55	2.41005	3.23873	4.27681	6.57697	5.40495	6.69454	7.03547	7.56965	7.77304	8.25966	
-0.55	2.41005	3.23873	4.27681	6.57697	5.40495	6.69454	7.03547	7.56965	7.77304	8.25966	
-0.55	2.41005	3.23873	4.27681	6.57697	5.40495	6.69454	7.03547	7.56965	7.77304	8.25966	
-0.5	2.25191	3.12284	4.18973	6.52068	5.33631	6.63924	6.98288	7.52079	7.72547	8.2149	2.25191
-0.5	2.25191	3.12284	4.18973	6.52068	5.33631	6.63924	6.98288	7.52079	7.72547	8.2149	2.25191
-0.5	2.25191	3.12284	4.18973	6.52068	5.33631	6.63924	6.98288	7.52079	7.72547	8.2149	2.25191
-0.5	2.25191	3.12284	4.18973	6.52068	5.33631	6.63924	6.98288	7.52079	7.72547	8.2149	2.25191
-0.5	2.25191	3.12284	4.18973	6.52068	5.33631	6.63924	6.98288	7.52079	7.72547	8.2149	2.25191
-0.5	2.25191	3.12284	4.18973	6.52068	5.33631	6.63924	6.98288	7.52079	7.72547	8.2149	2.25191
-0.5	2.25191	3.12284	4.18973	6.52068	5.33631	6.63924	6.98288	7.52079	7.72547	8.2149	2.25191
-0.5	2.25191	3.12284	4.18973	6.52068	5.33631	6.63924	6.98288	7.52079	7.72547	8.2149	2.25191
-0.5	2.25191	3.12284	4.18973	6.52068	5.33631	6.63924	6.98288	7.52079	7.72547	8.2149	2.25191
-0.5	2.25191	3.12284	4.18973	6.52068	5.33631	6.63924	6.98288	7.52079	7.72547	8.2149	2.25191
-0.5	2.25191	3.12284	4.18973	6.52068	5.33631	6.63924	6.98288	7.52079	7.72547	8.2149	2.25191
-0.5	2.25191	3.12284	4.18973	6.52068	5.33631	6.63924	6.98288	7.52079	7.72547	8.2149	2.25191
-0.5	2.25191	3.12284	4.18973	6.52068	5.33631	6.63924	6.98288	7.52079	7.72547	8.2149	2.25191
-0.5	2.25191	3.12284	4.18973	6.52068	5.33631	6.63924	6.98288	7.52079	7.72547	8.2149	2.25191
-0.5	2.25191	3.12284	4.18973	6.52068	5.33631	6.63924	6.98288	7.52079	7.72547	8.2149	2.25191
-0.5	2.25191	3.12284	4.18973	6.52068	5.33631	6.63924	6.98288	7.52079	7.72547	8.2149	2.25191
-0.5	2.25191	3.12284	4.18973	6.52068	5.33631	6.63924	6.98288	7.52079	7.72547	8.2149	2.25191
-0.5	2.25191	3.12284	4.18973	6.52068	5.33631	6.63924	6.98288	7.52079	7.72547	8.2149	2.25191
-0.5	2.25191	3.12284	4.18973	6.52068	5.33631	6.63924	6.98288	7.52079	7.72547	8.2149	2.25191
-0.5	2.25191	3.12284	4.18973	6.52068	5.33631	6.63924	6.98288	7.52079	7.72547	8.2149	2.25191
-0.5	2.25191	3.12284	4.18973	6.52068	5.33631	6.63924	6.98288	7.52079	7.72547	8.2149	2.25191
-0.5	2.25191	3.12284	4.18973	6.52068	5.33631	6.63924	6.98288	7.52079	7.72547	8.2149	2.25191
-0.5	2.25191	3.12284	4.18973	6.52068	5.33631	6.63924	6.98288	7.52079	7.72547	8.2149	2.25191
-0.45	2.09858	3.01415	4.10935	6.46933	5.27344	6.58882	6.93495	7.47631	7.68218	8.1742	
-0.45	2.09858	3.01415	4.10935	6.46933	5.27344	6.58882	6.93495	7.47631	7.68218	8.1742	
-0.45	2.09858	3.01415	4.10935	6.46933	5.27344	6.58882	6.93495	7.47631	7.68218	8.1742	
-0.45	2.09858	3.01415	4.10935	6.46933	5.27344	6.58882	6.93495	7.47631	7.68218	8.1742	
-0.45	2.09858	3.01415	4.10935	6.46933	5.27344	6.58882	6.93495	7.47631	7.68218	8.1742	
-0.45	2.09858	3.01415	4.10935	6.46933	5.27344	6.58882	6.93495	7.47631	7.68218	8.1742	
-0.45	2.09858	3.01415	4.10935	6.46933	5.27344	6.58882	6.93495	7.47631	7.68218	8.1742	
-0.45	2.09858	3.01415	4.10935	6.46933	5.27344	6.58882	6.93495	7.47631	7.68218	8.1742	
-0.45	2.09858	3.01415	4.10935	6.46933	5.27344	6.58882	6.93495	7.47631	7.68218	8.1742	
-0.45	2.09858	3.01415	4.10935	6.46933	5.27344	6.58882	6.93495	7.47631	7.68218	8.1742	
-0.45	2.09858	3.01415	4.10935	6.46933	5.27344	6.58882	6.93495	7.47631	7.68218	8.1742	
-0.45	2.09858	3.01415	4.10935	6.46933	5.27344	6.58882	6.93495	7.47631	7.68218	8.1742	
-0.45	2.09858	3.01415	4.10935	6.46933	5.27344	6.58882	6.93495	7.47631	7.68218	8.1742	
-0.45	2.09858	3.01415	4.10935	6.46933	5.27344	6.58882	6.93495	7.47631	7.68218	8.1742	
-0.45	2.09858	3.01415	4.10935	6.46933	5.27344	6.58882	6.93495	7.47631	7.68218	8.1742	
-0.45	2.09858	3.01415	4.10935	6.46933	5.27344	6.58882	6.93495	7.47631	7.68218	8.1742	
-0.45	2.09858	3.01415	4.10935	6.46933	5.27344	6.58882	6.93495	7.47631	7.68218	8.1742	
-0.45	2.09858	3.01415	4.10935	6.46933	5.27344	6.58882	6.93495	7.47631	7.68218	8.1742	
-0.45	2.09858	3.01415	4.10935	6.46933	5.27344	6.58882	6.93495	7.47631	7.68218	8.1742	
-0.45	2.09858	3.01415	4.10935	6.46933	5.27344	6.58882	6.93495	7.47631	7.68218	8.1742	
-0.45	2.09858	3.01415	4.10935	6.46933	5.27344	6.58882	6.93495	7.47631	7.68218	8.1742	
-0.45	2.09858	3.01415	4.10935	6.46933	5.27344	6.58882	6.93495	7.47631	7.68218	8.1742	
-0.45	2.09858	3.01415	4.10935	6.46933	5.27344	6.58882	6.93495	7.47631	7.68218	8.1742	
-0.4	1.95121	2.91346	4.03608	6.42303	5.21654	6.54337	6.89179	7.43629	7.64324	8.13762	1.95121
-0.4	1.95121	2.91346	4.03608	6.42303	5.21654	6.54337	6.89179	7.43629	7.64324	8.13762	1.95121
-0.4	1.95121	2.91346	4.03608	6.42303	5.21654	6.54337	6.89179	7.43629	7.64324	8.13762	1.95121
-0.4	1.95121	2.91346	4.03608	6.42303	5.21654	6.54337	6.89179	7.43629	7.64324	8.13762	1.95121
-0.4	1.95121	2.91346	4.03608	6.42303	5.21654	6.54337	6.89179	7.43629	7.64324	8.13762	1.95121
-0.4	1.95121	2.91346	4.03608	6.42303	5.21654	6.54337	6.89179	7.43629	7.64324	8.13762	1.95121
-0.4	1.95121	2.91346	4.03608	6.42303	5.21654	6.54337	6.89179	7.43629	7.64324	8.13762	1.95121
-0.4	1.95121	2.91346	4.03608	6.42303	5.21654	6.54337	6.89179	7.43629	7.64324	8.13762	1.95121
-0.4	1.95121	2.91346	4.03608	6.42303	5.21654	6.54337	6.89179	7.43629	7.64324	8.13762	1.95121
-0.4	1.95121	2.91346	4.03608	6.42303	5.21654	6.54337	6.89179	7.43629	7.64324	8.13762	1.95121
-0.4	1.95121	2.91346	4.03608	6.42303	5.21654	6.54337	6.89179	7.43629	7.64324	8.13762	1.95121
-0.4	1.95121	2.91346	4.03608	6.42303	5.21654	6.54337	6.89179	7.43629	7.64324	8.13762	1.95121
-0.4	1.95121	2.91346	4.03608	6.42303	5.21654	6.54337	6.89179	7.43629	7.64324	8.13762	1.95121
-0.4	1.95121	2.91346	4.03608	6.42303	5.21654	6.54337	6.89179	7.43629	7.64324	8.13762	1.95121
-0.4	1.95121	2.91346	4.03608	6.42303	5.21654	6.54337	6.89179	7.43629	7.64324	8.13762	1.95121
-0.4	1.95121	2.91346	4.03608	6.42303	5.21654	6.54337	6.89179	7.43629	7.64324	8.13762	1.95121
-0.4	1.95121	2.91346	4.03608	6.42303	5.21654	6.54337	6.89179	7.43629	7.64324	8.13762	1.95121
-0.4	1.95121	2.91346	4.03608	6.42303	5.21654	6.54337	6.89179	7.43629	7.64324	8.13762	1.95121
-0.4	1.95121	2.91346	4.03608	6.42303	5.21654	6.54337	6.89179	7.43629	7.64324	8.13762	1.95121
-0.4	1.95121	2.91346	4.03608	6.42303	5.21654	6.54337	6.89179	7.43629	7.64324	8.13762	1.95121
-0.4	1.95121	2.91346	4.03608	6.42303	5.21654	6.54337	6.89179	7.43629	7.64324	8.13762	1.95121
-0.4	1.95121	2.91346	4.03608	6.42303	5.21654	6.54337	6.89179	7.43629	7.64324	8.13762	1.95121
-0.4	1.95121	2.91346	4.03608	6.42303	5.21654	6.54337	6.89179	7.43629	7.64324	8.13762	1.95121
-0.35	1.81125	2.82164	3.97031	6.38191	5.16582	6.50301	6.85347	7.4008	7.60871	8.10519	
-0.35	1.81125	2.82164	3.97031	6.38191	5.16582	6.50301	6.85347	7.4008	7.60871	8.10519	
-0.35	1.81125	2.82164	3.97031	6.38191	5.16582	6.50301	6.85347	7.4008	7.60871	8.10519	
-0.35	1.81125	2.82164	3.97031	6.38191	5.16582	6.50301	6.85347	7.4008	7.60871	8.10519	
-0.35	1.81125	2.82164	3.97031	6.38191	5.16582	6.50301	6.85347	7.4008	7.60871	8.10519	
-0.35	1.81125	2.82164	3.97031	6.38191	5.16582	6.50301	6.85347	7.4008	7.60871	8.10519	
-0.35	1.81125	2.82164	3.97031	6.38191	5.16582	6.50301	6.85347	7.4008	7.60871	8.10519	
-0.35	1.81125	2.82164	3.97031	6.38191	5.16582	6.50301	6.85347	7.4008	7.60871	8.10519	
-0.35	1.81125	2.82164	3.97031	6.38191	5.16582	6.50301	6.85347	7.4008	7.60871	8.10519	
-0.35	1.81125	2.82164	3.97031	6.38191	5.16582	6.50301	6.85347	7.4008	7.60871	8.10519	
-0.35	1.81125	2.82164	3.97031	6.38191	5.16582	6.50301	6.85347	7.4008	7.60871	8.10519	
-0.35	1.81125	2.82164	3.97031	6.38191	5.16582	6.50301	6.85347	7.4008	7.60871	8.10519	
-0.35	1.81125	2.82164	3.97031	6.38191	5.16582	6.50301	6.85347	7.4008	7.60871	8.10519	
-0.35	1.81125	2.82164	3.97031	6.38191	5.16582	6.50301	6.85347	7.4008	7.60871	8.10519	
-0.35	1.81125	2.82164	3.97031	6.38191	5.16582	6.50301	6.85347	7.4008	7.60871	8.10519	
-0.35	1.81125	2.82164	3.97031	6.38191	5.16582	6.50301	6.85347	7.4008	7.60871	8.10519	
-0.35	1.81125	2.82164	3.97031	6.38191	5.16582	6.50301	6.85347	7.4008	7.60871	8.10519	
-0.35	1.81125	2.82164	3.97031	6.38191	5.16582	6.50301	6.85347	7.4008	7.60871	8.10519	
-0.35	1.81125	2.82164	3.97031	6.38191	5.16582	6.50301	6.85347	7.4008	7.60871	8.10519	
-0.35	1.81125	2.82164	3.97031	6.38191	5.16582	6.50301	6.85347	7.4008	7.60871	8.10519	
-0.35	1.81125	2.82164	3.97031	6.38191	5.16582	6.50301	6.85347	7.4008	7.60871	8.10519	
-0.35	1.81125	2.82164	3.97031	6.38191	5.16582	6.50301	6.85347	7.4008	7.60871	8.10519	
-0.35	1.81125	2.82164	3.97031	6.38191	5.16582	6.50301	6.85347	7.4008	7.60871	8.10519	
-0.3	1.68054	2.73957	3.91241	6.34605	5.12145	6.46782	6.8201	7.3699	7.57866	8.07699	1.68054
-0.3	1.68054	2.73957	3.91241	6.34605	5.12145	6.46782	6.8201	7.3699	7.57866	8.07699	1.68054
-0.3	1.68054	2.73957	3.91241	6.34605	5.12145	6.46782	6.8201	7.3699	7.57866	8.07699	1.68054
-0.3	1.68054	2.73957	3.91241	6.34605	5.12145	6.46782	6.8201	7.3699	7.57866	8.07699	1.68054
-0.3	1.68054	2.73957	3.91241	6.34605	5.12145	6.46782	6.8201	7.3699	7.57866	8.07699	1.68054
-0.3	1.68054	2.73957	3.91241	6.34605	5.12145	6.46782	6.8201	7.3699	7.57866	8.07699	1.68054
-0.3	1.68054	2.73957	3.91241	6.34605	5.12145	6.46782	6.8201	7.3699	7.57866	8.07699	1.68054
-0.3	1.68054	2.73957	3.91241	6.34605	5.12145	6.46782	6.8201	7.3699	7.57866	8.07699	1.68054
-0.3	1.68054	2.73957	3.91241	6.34605	5.12145	6.46782	6.8201	7.3699	7.57866	8.07699	1.68054
-0.3	1.68054	2.73957	3.91241	6.34605	5.12145	6.46782	6.8201	7.3699	7.57866	8.07699	1.68054
-0.3	1.68054	2.73957	3.91241	6.34605	5.12145	6.46782	6.8201	7.3699	7.57866	8.07699	1.68054
-0.3	1.68054	2.73957	3.91241	6.34605	5.12145	6.46782	6.8201	7.3699	7.57866	8.07699	1.68054
-0.3	1.68054	2.73957	3.91241	6.34605	5.12145	6.46782	6.8201	7.3699	7.57866	8.07699	1.68054
-0.3	1.68054	2.73957	3.91241	6.34605	5.12145	6.46782	6.8201	7.3699	7.57866	8.07699	1.68054
-0.3	1.68054	2.73957	3.91241	6.34605	5.12145	6.46782	6.8201	7.3699	7.57866	8.07699	1.68054
-0.3	1.68054	2.73957	3.91241	6.34605	5.12145	6.46782	6.8201	7.3699	7.57866	8.07699	1.68054
-0.3	1.68054	2.73957	3.91241	6.34605	5.12145	6.46782	6.8201	7.3699	7.57866	8.07699	1.68054
-0.3	1.68054	2.73957	3.91241	6.34605	5.12145	6.46782	6.8201	7.3699	7.57866	8.07699	1.68054
-0.3	1.68054	2.73957	3.91241	6.34605	5.12145	6.46782	6.8201	7.3699	7.57866	8.07699	1.68054
-0.3	1.68054	2.73957	3.91241	6.34605	5.12145	6.46782	6.8201	7.3699	7.57866	8.07699	1.68054
-0.3	1.68054	2.73957	3.91241	6.34605	5.12145	6.46782	6.8201	7.3699	7.57866	8.07699	1.68054
-0.3	1.68054	2.73957	3.91241	6.34605	5.12145	6.46782	6.8201	7.3699	7.57866	8.07699	1.68054
-0.3	1.68054	2.73957	3.91241	6.34605	5.12145	6.46782	6.8201	7.3699	7.57866	8.07699	1.68054
-0.25	1.56142	2.66815	3.86274	6.31555	5.08361	6.4379	6.79172	7.34365	7.55314	8.05305	
-0.25	1.56142	2.66815	3.86274	6.31555	5.08361	6.4379	6.79172	7.34365	7.55314	8.05305	
-0.25	1.56142	2.66815	3.86274	6.31555	5.08361	6.4379	6.79172	7.34365	7.55314	8.05305	
-0.25	1.56142	2.66815	3.86274	6.31555	5.08361	6.4379	6.79172	7.34365	7.55314	8.05305	
-0.25	1.56142	2.66815	3.86274	6.31555	5.08361	6.4379	6.79172	7.34365	7.55314	8.05305	
-0.25	1.56142	2.66815	3.86274	6.31555	5.08361	6.4379	6.79172	7.34365	7.55314	8.05305	
-0.25	1.56142	2.66815	3.86274	6.31555	5.08361	6.4379	6.79172	7.34365	7.55314	8.05305	
-0.25	1.56142	2.66815	3.86274	6.31555	5.08361	6.4379	6.79172	7.34365	7.55314	8.05305	
-0.25	1.56142	2.66815	3.86274	6.31555	5.08361	6.4379	6.79172	7.34365	7.55314	8.05305	
-0.25	1.56142	2.66815	3.86274	6.31555	5.08361	6.4379	6.79172	7.34365	7.55314	8.05305	
-0.25	1.56142	2.66815	3.86274	6.31555	5.08361	6.4379	6.79172	7.34365	7.55314	8.05305	
-0.25	1.56142	2.66815	3.86274	6.31555	5.08361	6.4379	6.79172	7.34365	7.55314	8.05305	
-0.25	1.56142	2.66815	3.86274	6.31555	5.08361	6.4379	6.79172	7.34365	7.55314	8.05305	
-0.25	1.56142	2.66815	3.86274	6.31555	5.08361	6.4379	6.79172	7.34365	7.55314	8.05305	
-0.25	1.56142	2.66815	3.86274	6.31555	5.08361	6.4379	6.79172	7.34365	7.55314	8.05305	
-0.25	1.56142	2.66815	3.86274	6.31555	5.08361	6.4379	6.79172	7.34365	7.55314	8.05305	
-0.25	1.56142	2.66815	3.86274	6.31555	5.08361	6.4379	6.79172	7.34365	7.55314	8.05305	
-0.25	1.56142	2.66815	3.86274	6.31555	5.08361	6.4379	6.79172	7.34365	7.55314	8.05305	
-0.25	1.56142	2.66815	3.86274	6.31555	5.08361	6.4379	6.79172	7.34365	7.55314	8.05305	
-0.25	1.56142	2.66815	3.86274	6.31555	5.08361	6.4379	6.79172	7.34365	7.55314	8.05305	
-0.25	1.56142	2.66815	3.86274	6.31555	5.08361	6.4379	6.79172	7.34365	7.55314	8.05305	
-0.25	1.56142	2.66815	3.86274	6.31555	5.08361	6.4379	6.79172	7.34365	7.55314	8.05305	
-0.25	1.56142	2.66815	3.86274	6.31555	5.08361	6.4379	6.79172	7.34365	7.55314	8.05305	
-0.2	1.45673	2.60827	3.82162	6.29048	5.05244	6.41331	6.76842	7.32211	7.53219	8.03341	1.45673
-0.2	1.45673	2.60827	3.82162	6.29048	5.05244	6.41331	6.76842	7.32211	7.53219	8.03341	1.45673
-0.2	1.45673	2.60827	3.82162	6.29048	5.05244	6.41331	6.76842	7.32211	7.53219	8.03341	1.45673
-0.2	1.45673	2.60827	3.82162	6.29048	5.05244	6.41331	6.76842	7.32211	7.53219	8.03341	1.45673
-0.2	1.45673	2.60827	3.82162	6.29048	5.05244	6.41331	6.76842	7.32211	7.53219	8.03341	1.45673
-0.2	1.45673	2.60827	3.82162	6.29048	5.05244	6.41331	6.76842	7.32211	7.53219	8.03341	1.45673
-0.2	1.45673	2.60827	3.82162	6.29048	5.05244	6.41331	6.76842	7.32211	7.53219	8.03341	1.45673
-0.2	1.45673	2.60827	3.82162	6.29048	5.05244	6.41331	6.76842	7.32211	7.53219	8.03341	1.45673
-0.2	1.45673	2.60827	3.82162	6.29048	5.05244	6.41331	6.76842	7.32211	7.53219	8.03341	1.45673
-0.2	1.45673	2.60827	3.82162	6.29048	5.05244	6.41331	6.76842	7.32211	7.53219	8.03341	1.45673
-0.2	1.45673	2.60827	3.82162	6.29048	5.05244	6.41331	6.76842	7.32211	7.53219	8.03341	1.45673
-0.2	1.45673	2.60827	3.82162	6.29048	5.05244	6.41331	6.76842	7.32211	7.53219	8.03341	1.45673
-0.2	1.45673	2.60827	3.82162	6.29048	5.05244	6.41331	6.76842	7.32211	7.53219	8.03341	1.45673
-0.2	1.45673	2.60827	3.82162	6.29048	5.05244	6.41331	6.76842	7.32211	7.53219	8.03341	1.45673
-0.2	1.45673	2.60827	3.82162	6.29048	5.05244	6.41331	6.76842	7.32211	7.53219	8.03341	1.45673
-0.2	1.45673	2.60827	3.82162	6.29048	5.05244	6.41331	6.76842	7.32211	7.53219	8.03341	1.45673
-0.2	1.45673	2.60827	3.82162	6.29048	5.05244	6.41331	6.76842	7.32211	7.53219	8.03341	1.45673
-0.2	1.45673	2.60827	3.82162	6.29048	5.05244	6.41331	6.76842	7.32211	7.53219	8.03341	1.45673
-0.2	1.45673	2.60827	3.82162	6.29048	5.05244	6.41331	6.76842	7.32211	7.53219	8.03341	1.45673
-0.2	1.45673	2.60827	3.82162	6.29048	5.05244	6.41331	6.76842	7.32211	7.53219	8.03341	1.45673
-0.2	1.45673	2.60827	3.82162	6.29048	5.05244	6.41331	6.76842	7.32211	7.53219	8.03341	1.45673
-0.2	1.45673	2.60827	3.82162	6.29048	5.05244	6.41331	6.76842	7.32211	7.53219	8.03341	1.45673
-0.2	1.45673	2.60827	3.82162	6.29048	5.05244	6.41331	6.76842	7.32211	7.53219	8.03341	1.45673
-0.15	1.36978	2.56073	3.78933	6.27092	5.02806	6.39412	6.75024	7.30531	7.51586	8.0181	
-0.15	1.36978	2.56073	3.78933	6.27092	5.02806	6.39412	6.75024	7.30531	7.51586	8.0181	
-0.15	1.36978	2.56073	3.78933	6.27092	5.02806	6.39412	6.75024	7.30531	7.51586	8.0181	
-0.15	1.36978	2.56073	3.78933	6.27092	5.02806	6.39412	6.75024	7.30531	7.51586	8.0181	
-0.15	1.36978	2.56073	3.78933	6.27092	5.02806	6.39412	6.75024	7.30531	7.51586	8.0181	
-0.15	1.36978	2.56073	3.78933	6.27092	5.02806	6.39412	6.75024	7.30531	7.51586	8.0181	
-0.15	1.36978	2.56073	3.78933	6.27092	5.02806	6.39412	6.75024	7.30531	7.51586	8.0181	
-0.15	1.36978	2.56073	3.78933	6.27092	5.02806	6.39412	6.75024	7.30531	7.51586	8.0181	
-0.15	1.36978	2.56073	3.78933	6.27092	5.02806	6.39412	6.75024	7.30531	7.51586	8.0181	
-0.15	1.36978	2.56073	3.78933	6.27092	5.02806	6.39412	6.75024	7.30531	7.51586	8.0181	
-0.15	1.36978	2.56073	3.78933	6.27092	5.02806	6.39412	6.75024	7.30531	7.51586	8.0181	
-0.15	1.36978	2.56073	3.78933	6.27092	5.02806	6.39412	6.75024	7.30531	7.51586	8.0181	
-0.15	1.36978	2.56073	3.78933	6.27092	5.02806	6.39412	6.75024	7.30531	7.51586	8.0181	
-0.15	1.36978	2.56073	3.78933	6.27092	5.02806	6.39412	6.75024	7.30531	7.51586	8.0181	
-0.15	1.36978	2.56073	3.78933	6.27092	5.02806	6.39412	6.75024	7.30531	7.51586	8.0181	
-0.15	1.36978	2.56073	3.78933	6.27092	5.02806	6.39412	6.75024	7.30531	7.51586	8.0181	
-0.15	1.36978	2.56073	3.78933	6.27092	5.02806	6.39412	6.75024	7.30531	7.51586	8.0181	
-0.15	1.36978	2.56073	3.78933	6.27092	5.02806	6.39412	6.75024	7.30531	7.51586	8.0181	
-0.15	1.36978	2.56073	3.78933	6.27092	5.02806	6.39412	6.75024	7.30531	7.51586	8.0181	
-0.15	1.36978	2.56073	3.78933	6.27092	5.02806	6.39412	6.75024	7.30531	7.51586	8.0181	
-0.15	1.36978	2.56073	3.78933	6.27092	5.02806	6.39412	6.75024	7.30531	7.51586	8.0181	
-0.15	1.36978	2.56073	3.78933	6.27092	5.02806	6.39412	6.75024	7.30531	7.51586	8.0181	
-0.15	1.36978	2.56073	3.78933	6.27092	5.02806	6.39412	6.75024	7.30531	7.51586	8.0181	
-0.1	1.30414	2.52622	3.7661	6.25691	5.01057	6.38038	6.73723	7.29328	7.50417	8.00714	1.30414
-0.1	1.30414	2.52622	3.7661	6.25691	5.01057	6.38038	6.73723	7.29328	7.50417	8.00714	1.30414
-0.1	1.30414	2.52622	3.7661	6.25691	5.01057	6.38038	6.73723	7.29328	7.50417	8.00714	1.30414
-0.1	1.30414	2.52622	3.7661	6.25691	5.01057	6.38038	6.73723	7.29328	7.50417	8.00714	1.30414
-0.1	1.30414	2.52622	3.7661	6.25691	5.01057	6.38038	6.73723	7.29328	7.50417	8.00714	1.30414
-0.1	1.30414	2.52622	3.7661	6.25691	5.01057	6.38038	6.73723	7.29328	7.50417	8.00714	1.30414
-0.1	1.30414	2.52622	3.7661	6.25691	5.01057	6.38038	6.73723	7.29328	7.50417	8.00714	1.30414
-0.1	1.30414	2.52622	3.7661	6.25691	5.01057	6.38038	6.73723	7.29328	7.50417	8.00714	1.30414
-0.1	1.30414	2.52622	3.7661	6.25691	5.01057	6.38038	6.73723	7.29328	7.50417	8.00714	1.30414
-0.1	1.30414	2.52622	3.7661	6.25691	5.01057	6.38038	6.73723	7.29328	7.50417	8.00714	1.30414
-0.1	1.30414	2.52622	3.7661	6.25691	5.01057	6.38038	6.73723	7.29328	7.50417	8.00714	1.30414
-0.1	1.30414	2.52622	3.7661	6.25691	5.01057	6.38038	6.73723	7.29328	7.50417	8.00714	1.30414
-0.1	1.30414	2.52622	3.7661	6.25691	5.01057	6.38038	6.73723	7.29328	7.50417	8.00714	1.30414
-0.1	1.30414	2.52622	3.7661	6.25691	5.01057	6.38038	6.73723	7.29328	7.50417	8.00714	1.30414
-0.1	1.30414	2.52622	3.7661	6.25691	5.01057	6.38038	6.73723	7.29328	7.50417	8.00714	1.30414
-0.1	1.30414	2.52622	3.7661	6.25691	5.01057	6.38038	6.73723	7.29328	7.50417	8.00714	1.30414
-0.1	1.30414	2.52622	3.7661	6.25691	5.01057	6.38038	6.73723	7.29328	7.50417	8.00714	1.30414
-0.1	1.30414	2.52622	3.7661	6.25691	5.01057	6.38038	6.73723	7.29328	7.50417	8.00714	1.30414
-0.1	1.30414	2.52622	3.7661	6.25691	5.01057	6.38038	6.73723	7.29328	7.50417	8.00714	1.30414
-0.1	1.30414	2.52622	3.7661	6.25691	5.01057	6.38038	6.73723	7.29328	7.50417	8.00714	1.30414
-0.1	1.30414	2.52622	3.7661	6.25691	5.01057	6.38038	6.73723	7.29328	7.50417	8.00714	1.30414
-0.1	1.30414	2.52622	3.7661	6.25691	5.01057	6.38038	6.73723	7.29328	7.50417	8.00714	1.30414
-0.1	1.30414	2.52622	3.7661	6.25691	5.01057	6.38038	6.73723	7.29328	7.50417	8.00714	1.30414
-0.05	1.26311	2.50529	3.75209	6.24849	5.00005	6.37212	6.72941	7.28606	7.49715	8.00056	
-0.05	1.26311	2.50529	3.75209	6.24849	5.00005	6.37212	6.72941	7.28606	7.49715	8.00056	
-0.05	1.26311	2.50529	3.75209	6.24849	5.00005	6.37212	6.72941	7.28606	7.49715	8.00056	
-0.05	1.26311	2.50529	3.75209	6.24849	5.00005	6.37212	6.72941	7.28606	7.49715	8.00056	
-0.05	1.26311	2.50529	3.75209	6.24849	5.00005	6.37212	6.72941	7.28606	7.49715	8.00056	
-0.05	1.26311	2.50529	3.75209	6.24849	5.00005	6.37212	6.72941	7.28606	7.49715	8.00056	
-0.05	1.26311	2.50529	3.75209	6.24849	5.00005	6.37212	6.72941	7.28606	7.49715	8.00056	
-0.05	1.26311	2.50529	3.75209	6.24849	5.00005	6.37212	6.72941	7.28606	7.49715	8.00056	
-0.05	1.26311	2.50529	3.75209	6.24849	5.00005	6.37212	6.72941	7.28606	7.49715	8.00056	
-0.05	1.26311	2.50529	3.75209	6.24849	5.00005	6.37212	6.72941	7.28606	7.49715	8.00056	
-0.05	1.26311	2.50529	3.75209	6.24849	5.00005	6.37212	6.72941	7.28606	7.49715	8.00056	
-0.05	1.26311	2.50529	3.75209	6.24849	5.00005	6.37212	6.72941	7.28606	7.49715	8.00056	
-0.05	1.26311	2.50529	3.75209	6.24849	5.00005	6.37212	6.72941	7.28606	7.49715	8.00056	
-0.05	1.26311	2.50529	3.75209	6.24849	5.00005	6.37212	6.72941	7.28606	7.49715	8.00056	
-0.05	1.26311	2.50529	3.75209	6.24849	5.00005	6.37212	6.72941	7.28606	7.49715	8.00056	
-0.05	1.26311	2.50529	3.75209	6.24849	5.00005	6.37212	6.72941	7.28606	7.49715	8.00056	
-0.05	1.26311	2.50529	3.75209	6.24849	5.00005	6.37212	6.72941	7.28606	7.49715	8.00056	
-0.05	1.26311	2.50529	3.75209	6.24849	5.00005	6.37212	6.72941	7.28606	7.49715	8.00056	
-0.05	1.26311	2.50529	3.75209	6.24849	5.00005	6.37212	6.72941	7.28606	7.49715	8.00056	
-0.05	1.26311	2.50529	3.75209	6.24849	5.00005	6.37212	6.72941	7.28606	7.49715	8.00056	
-0.05	1.26311	2.50529	3.75209	6.24849	5.00005	6.37212	6.72941	7.28606	7.49715	8.00056	
-0.05	1.26311	2.50529	3.75209	6.24849	5.00005	6.37212	6.72941	7.28606	7.49715	8.00056	
-0.05	1.26311	2.50529	3.75209	6.24849	5.00005	6.37212	6.72941	7.28606	7.49715	8.00056	
0	1.24914	2.49827	3.74741	6.24568	4.99654	6.36936	6.7268	7.28365	7.49481	7.99837	1.24914
0	1.24914	2.49827	3.74741	6.24568	4.99654	6.36936	6.7268	7.28365	7.49481	7.99837	1.24914
0	1.24914	2.49827	3.74741	6.24568	4.99654	6.36936	6.7268	7.28365	7.49481	7.99837	1.24914
0	1.24914	2.49827	3.74741	6.24568	4.99654	6.36936	6.7268	7.28365	7.49481	7.99837	1.24914
0	1.24914	2.49827	3.74741	6.24568	4.99654	6.36936	6.7268	7.28365	7.49481	7.99837	1.24914
0	1.24914	2.49827	3.74741	6.24568	4.99654	6.36936	6.7268	7.28365	7.49481	7.99837	1.24914
0	1.24914	2.49827	3.74741	6.24568	4.99654	6.36936	6.7268	7.28365	7.49481	7.99837	1.24914
0	1.24914	2.49827	3.74741	6.24568	4.99654	6.36936	6.7268	7.28365	7.49481	7.99837	1.24914
0	1.24914	2.49827	3.74741	6.24568	4.99654	6.36936	6.7268	7.28365	7.49481	7.99837	1.24914
0	1.24914	2.49827	3.74741	6.24568	4.99654	6.36936	6.7268	7.28365	7.49481	7.99837	1.24914
0	1.24914	2.49827	3.74741	6.24568	4.99654	6.36936	6.7268	7.28365	7.49481	7.99837	1.24914
0	1.24914	2.49827	3.74741	6.24568	4.99654	6.36936	6.7268	7.28365	7.49481	7.99837	1.24914
0	1.24914	2.49827	3.74741	6.24568	4.99654	6.36936	6.7268	7.28365	7.49481	7.99837	1.24914
0	1.24914	2.49827	3.74741	6.24568	4.99654	6.36936	6.7268	7.28365	7.49481	7.99837	1.24914
0	1.24914	2.49827	3.74741	6.24568	4.99654	6.36936	6.7268	7.28365	7.49481	7.99837	1.24914
0	1.24914	2.49827	3.74741	6.24568	4.99654	6.36936	6.7268	7.28365	7.49481	7.99837	1.24914
0	1.24914	2.49827	3.74741	6.24568	4.99654	6.36936	6.7268	7.28365	7.49481	7.99837	1.24914
0	1.24914	2.49827	3.74741	6.24568	4.99654	6.36936	6.7268	7.28365	7.49481	7.99837	1.24914
0	1.24914	2.49827	3.74741	6.24568	4.99654	6.36936	6.7268	7.28365	7.49481	7.99837	1.24914
0	1.24914	2.49827	3.74741	6.24568	4.99654	6.36936	6.7268	7.28365	7.49481	7.99837	1.24914
0	1.24914	2.49827	3.74741	6.24568	4.99654	6.36936	6.7268	7.28365	7.49481	7.99837	1.24914
0	1.24914	2.49827	3.74741	6.24568	4.99654	6.36936	6.7268	7.28365	7.49481	7.99837	1.24914
0	1.24914	2.49827	3.74741	6.24568	4.99654	6.36936	6.7268	7.28365	7.49481	7.99837	1.24914
0.05	1.26311	2.50529	3.75209	6.24849	5.00005	6.37212	6.72941	7.28606	7.49715	8.00056	
0.05	1.26311	2.50529	3.75209	6.24849	5.00005	6.37212	6.72941	7.28606	7.49715	8.00056	
0.05	1.26311	2.50529	3.75209	6.24849	5.00005	6.37212	6.72941	7.28606	7.49715	8.00056	
0.05	1.26311	2.50529	3.75209	6.24849	5.00005	6.37212	6.72941	7.28606	7.49715	8.00056	
0.05	1.26311	2.50529	3.75209	6.24849	5.00005	6.37212	6.72941	7.28606	7.49715	8.00056	
0.05	1.26311	2.50529	3.75209	6.24849	5.00005	6.37212	6.72941	7.28606	7.49715	8.00056	
0.05	1.26311	2.50529	3.75209	6.24849	5.00005	6.37212	6.72941	7.28606	7.49715	8.00056	
0.05	1.26311	2.50529	3.75209	6.24849	5.00005	6.37212	6.72941	7.28606	7.49715	8.00056	
0.05	1.26311	2.50529	3.75209	6.24849	5.00005	6.37212	6.72941	7.28606	7.49715	8.00056	
0.05	1.26311	2.50529	3.75209	6.24849	5.00005	6.37212	6.72941	7.28606	7.49715	8.00056	
0.05	1.26311	2.50529	3.75209	6.24849	5.00005	6.37212	6.72941	7.28606	7.49715	8.00056	
0.05	1.26311	2.50529	3.75209	6.24849	5.00005	6.37212	6.72941	7.28606	7.49715	8.00056	
0.05	1.26311	2.50529	3.75209	6.24849	5.00005	6.37212	6.72941	7.28606	7.49715	8.00056	
0.05	1.26311	2.50529	3.75209	6.24849	5.00005	6.37212	6.72941	7.28606	7.49715	8.00056	
0.05	1.26311	2.50529	3.75209	6.24849	5.00005	6.37212	6.72941	7.28606	7.49715	8.00056	
0.05	1.26311	2.50529	3.75209	6.24849	5.00005	6.37212	6.72941	7.28606	7.49715	8.00056	
0.05	1.26311	2.50529	3.75209	6.24849	5.00005	6.37212	6.72941	7.28606	7.49715	8.00056	
0.05	1.26311	2.50529	3.75209	6.24849	5.00005	6.37212	6.72941	7.28606	7.49715	8.00056	
0.05	1.26311	2.50529	3.75209	6.24849	5.00005	6.37212	6.72941	7.28606	7.49715	8.00056	
0.05	1.26311	2.50529	3.75209	6.24849	5.00005	6.37212	6.72941	7.28606	7.49715	8.00056	
0.05	1.26311	2.50529	3.75209	6.24849	5.00005	6.37212	6.72941	7.28606	7.49715	8.00056	
0.05	1.26311	2.50529	3.75209	6.24849	5.00005	6.37212	6.72941	7.28606	7.49715	8.00056	
0.05	1.26311	2.50529	3.75209	6.24849	5.00005	6.37212	6.72941	7.28606	7.49715	8.00056	
0.1	1.30414	2.52622	3.7661	6.25691	5.01057	6.38038	6.73723	7.29328	7.50417	8.00714	1.30414
0.1	1.30414	2.52622	3.7661	6.25691	5.01057	6.38038	6.73723	7.29328	7.50417	8.00714	1.30414
0.1	1.30414	2.52622	3.7661	6.25691	5.01057	6.38038	6.73723	7.29328	7.50417	8.00714	1.30414
0.1	1.30414	2.52622	3.7661	6.25691	5.01057	6.38038	6.73723	7.29328	7.50417	8.00714	1.30414
0.1	1.30414	2.52622	3.7661	6.25691	5.01057	6.38038	6.73723	7.29328	7.50417	8.00714	1.30414
0.1	1.30414	2.52622	3.7661	6.25691	5.01057	6.38038	6.73723	7.29328	7.50417	8.00714	1.30414
0.1	1.30414	2.52622	3.7661	6.25691	5.01057	6.38038	6.73723	7.29328	7.50417	8.00714	1.30414
0.1	1.30414	2.52622	3.7661	6.25691	5.01057	6.38038	6.73723	7.29328	7.50417	8.00714	1.30414
0.1	1.30414	2.52622	3.7661	6.25691	5.01057	6.38038	6.73723	7.29328	7.50417	8.00714	1.30414
0.1	1.30414	2.52622	3.7661	6.25691	5.01057	6.38038	6.73723	7.29328	7.50417	8.00714	1.30414
0.1	1.30414	2.52622	3.7661	6.25691	5.01057	6.38038	6.73723	7.29328	7.50417	8.00714	1.30414
0.1	1.30414	2.52622	3.7661	6.25691	5.01057	6.38038	6.73723	7.29328	7.50417	8.00714	1.30414
0.1	1.30414	2.52622	3.7661	6.25691	5.01057	6.38038	6.73723	7.29328	7.50417	8.00714	1.30414
0.1	1.30414	2.52622	3.7661	6.25691	5.01057	6.38038	6.73723	7.29328	7.50417	8.00714	1.30414
0.1	1.30414	2.52622	3.7661	6.25691	5.01057	6.38038	6.73723	7.29328	7.50417	8.00714	1.30414
0.1	1.30414	2.52622	3.7661	6.25691	5.01057	6.38038	6.73723	7.29328	7.50417	8.00714	1.30414
0.1	1.30414	2.52622	3.7661	6.25691	5.01057	6.38038	6.73723	7.29328	7.50417	8.00714	1.30414
0.1	1.30414	2.52622	3.7661	6.25691	5.01057	6.38038	6.73723	7.29328	7.50417	8.00714	1.30414
0.1	1.30414	2.52622	3.7661	6.25691	5.01057	6.38038	6.73723	7.29328	7.50417	8.00714	1.30414
0.1	1.30414	2.52622	3.7661	6.25691	5.01057	6.38038	6.73723	7.29328	7.50417	8.00714	1.30414
0.1	1.30414	2.52622	3.7661	6.25691	5.01057	6.38038	6.73723	7.29328	7.50417	8.00714	1.30414
0.1	1.30414	2.52622	3.7661	6.25691	5.01057	6.38038	6.73723	7.29328	7.50417	8.00714	1.30414
0.1	1.30414	2.52622	3.7661	6.25691	5.01057	6.38038	6.73723	7.29328	7.50417	8.00714	1.30414
0.15	1.36978	2.56073	3.78933	6.27092	5.02806	6.39412	6.75024	7.30531	7.51586	8.0181	
0.15	1.36978	2.56073	3.78933	6.27092	5.02806	6.39412	6.75024	7.30531	7.51586	8.0181	
0.15	1.36978	2.56073	3.78933	6.27092	5.02806	6.39412	6.75024	7.30531	7.51586	8.0181	
0.15	1.36978	2.56073	3.78933	6.27092	5.02806	6.39412	6.75024	7.30531	7.51586	8.0181	
0.15	1.36978	2.56073	3.78933	6.27092	5.02806	6.39412	6.75024	7.30531	7.51586	8.0181	
0.15	1.36978	2.56073	3.78933	6.27092	5.02806	6.39412	6.75024	7.30531	7.51586	8.0181	
0.15	1.36978	2.56073	3.78933	6.27092	5.02806	6.39412	6.75024	7.30531	7.51586	8.0181	
0.15	1.36978	2.56073	3.78933	6.27092	5.02806	6.39412	6.75024	7.30531	7.51586	8.0181	
0.15	1.36978	2.56073	3.78933	6.27092	5.02806	6.39412	6.75024	7.30531	7.51586	8.0181	
0.15	1.36978	2.56073	3.78933	6.27092	5.02806	6.39412	6.75024	7.30531	7.51586	8.0181	
0.15	1.36978	2.56073	3.78933	6.27092	5.02806	6.39412	6.75024	7.30531	7.51586	8.0181	
0.15	1.36978	2.56073	3.78933	6.27092	5.02806	6.39412	6.75024	7.30531	7.51586	8.0181	
0.15	1.36978	2.56073	3.78933	6.27092	5.02806	6.39412	6.75024	7.30531	7.51586	8.0181	
0.15	1.36978	2.56073	3.78933	6.27092	5.02806	6.39412	6.75024	7.30531	7.51586	8.0181	
0.15	1.36978	2.56073	3.78933	6.27092	5.02806	6.39412	6.75024	7.30531	7.51586	8.0181	
0.15	1.36978	2.56073	3.78933	6.27092	5.02806	6.39412	6.75024	7.30531	7.51586	8.0181	
0.15	1.36978	2.56073	3.78933	6.27092	5.02806	6.39412	6.75024	7.30531	7.51586	8.0181	
0.15	1.36978	2.56073	3.78933	6.27092	5.02806	6.39412	6.75024	7.30531	7.51586	8.0181	
0.15	1.36978	2.56073	3.78933	6.27092	5.02806	6.39412	6.75024	7.30531	7.51586	8.0181	
0.15	1.36978	2.56073	3.78933	6.27092	5.02806	6.39412	6.75024	7.30531	7.51586	8.0181	
0.15	1.36978	2.56073	3.78933	6.27092	5.02806	6.39412	6.75024	7.30531	7.51586	8.0181	
0.15	1.36978	2.56073	3.78933	6.27092	5.02806	6.39412	6.75024	7.30531	7.51586	8.0181	
0.15	1.36978	2.56073	3.78933	6.27092	5.02806	6.39412	6.75024	7.30531	7.51586	8.0181	
0.2	1.45673	2.60827	3.82162	6.29048	5.05244	6.41331	6.76842	7.32211	7.53219	8.03341	1.45673
0.2	1.45673	2.60827	3.82162	6.29048	5.05244	6.41331	6.76842	7.32211	7.53219	8.03341	1.45673
0.2	1.45673	2.60827	3.82162	6.29048	5.05244	6.41331	6.76842	7.32211	7.53219	8.03341	1.45673
0.2	1.45673	2.60827	3.82162	6.29048	5.05244	6.41331	6.76842	7.32211	7.53219	8.03341	1.45673
0.2	1.45673	2.60827	3.82162	6.29048	5.05244	6.41331	6.76842	7.32211	7.53219	8.03341	1.45673
0.2	1.45673	2.60827	3.82162	6.29048	5.05244	6.41331	6.76842	7.32211	7.53219	8.03341	1.45673
0.2	1.45673	2.60827	3.82162	6.29048	5.05244	6.41331	6.76842	7.32211	7.53219	8.03341	1.45673
0.2	1.45673	2.60827	3.82162	6.29048	5.05244	6.41331	6.76842	7.32211	7.53219	8.03341	1.45673
0.2	1.45673	2.60827	3.82162	6.29048	5.05244	6.41331	6.76842	7.32211	7.53219	8.03341	1.45673
0.2	1.45673	2.60827	3.82162	6.29048	5.05244	6.41331	6.76842	7.32211	7.53219	8.03341	1.45673
0.2	1.45673	2.60827	3.82162	6.29048	5.05244	6.41331	6.76842	7.32211	7.53219	8.03341	1.45673
0.2	1.45673	2.60827	3.82162	6.29048	5.05244	6.41331	6.76842	7.32211	7.53219	8.03341	1.45673
0.2	1.45673	2.60827	3.82162	6.29048	5.05244	6.41331	6.76842	7.32211	7.53219	8.03341	1.45673
0.2	1.45673	2.60827	3.82162	6.29048	5.05244	6.41331	6.76842	7.32211	7.53219	8.03341	1.45673
0.2	1.45673	2.60827	3.82162	6.29048	5.05244	6.41331	6.76842	7.32211	7.53219	8.03341	1.45673
0.2	1.45673	2.60827	3.82162	6.29048	5.05244	6.41331	6.76842	7.32211	7.53219	8.03341	1.45673
0.2	1.45673	2.60827	3.82162	6.29048	5.05244	6.41331	6.76842	7.32211	7.53219	8.03341	1.45673
0.2	1.45673	2.60827	3.82162	6.29048	5.05244	6.41331	6.76842	7.32211	7.53219	8.03341	1.45673
0.2	1.45673	2.60827	3.82162	6.29048	5.05244	6.41331	6.76842	7.32211	7.53219	8.03341	1.45673
0.2	1.45673	2.60827	3.82162	6.29048	5.05244	6.41331	6.76842	7.32211	7.53219	8.03341	1.45673
0.2	1.45673	2.60827	3.82162	6.29048	5.05244	6.41331	6.76842	7.32211	7.53219	8.03341	1.45673
0.2	1.45673	2.60827	3.82162	6.29048	5.05244	6.41331	6.76842	7.32211	7.53219	8.03341	1.45673
0.2	1.45673	2.60827	3.82162	6.29048	5.05244	6.41331	6.76842	7.32211	7.53219	8.03341	1.45673
0.25	1.56142	2.66815	3.86274	6.31555	5.08361	6.4379	6.79172	7.34365	7.55314	8.05305	
0.25	1.56142	2.66815	3.86274	6.31555	5.08361	6.4379	6.79172	7.34365	7.55314	8.05305	
0.25	1.56142	2.66815	3.86274	6.31555	5.08361	6.4379	6.79172	7.34365	7.55314	8.05305	
0.25	1.56142	2.66815	3.86274	6.31555	5.08361	6.4379	6.79172	7.34365	7.55314	8.05305	
0.25	1.56142	2.66815	3.86274	6.31555	5.08361	6.4379	6.79172	7.34365	7.55314	8.05305	
0.25	1.56142	2.66815	3.86274	6.31555	5.08361	6.4379	6.79172	7.34365	7.55314	8.05305	
0.25	1.56142	2.66815	3.86274	6.31555	5.08361	6.4379	6.79172	7.34365	7.55314	8.05305	
0.25	1.56142	2.66815	3.86274	6.31555	5.08361	6.4379	6.79172	7.34365	7.55314	8.05305	
0.25	1.56142	2.66815	3.86274	6.31555	5.08361	6.4379	6.79172	7.34365	7.55314	8.05305	
0.25	1.56142	2.66815	3.86274	6.31555	5.08361	6.4379	6.79172	7.34365	7.55314	8.05305	
0.25	1.56142	2.66815	3.86274	6.31555	5.08361	6.4379	6.79172	7.34365	7.55314	8.05305	
0.25	1.56142	2.66815	3.86274	6.31555	5.08361	6.4379	6.79172	7.34365	7.55314	8.05305	
0.25	1.56142	2.66815	3.86274	6.31555	5.08361	6.4379	6.79172	7.34365	7.55314	8.05305	
0.25	1.56142	2.66815	3.86274	6.31555	5.08361	6.4379	6.79172	7.34365	7.55314	8.05305	
0.25	1.56142	2.66815	3.86274	6.31555	5.08361	6.4379	6.79172	7.34365	7.55314	8.05305	
0.25	1.56142	2.66815	3.86274	6.31555	5.08361	6.4379	6.79172	7.34365	7.55314	8.05305	
0.25	1.56142	2.66815	3.86274	6.31555	5.08361	6.4379	6.79172	7.34365	7.55314	8.05305	
0.25	1.56142	2.66815	3.86274	6.31555	5.08361	6.4379	6.79172	7.34365	7.55314	8.05305	
0.25	1.56142	2.66815	3.86274	6.31555	5.08361	6.4379	6.79172	7.34365	7.55314	8.05305	
0.25	1.56142	2.66815	3.86274	6.31555	5.08361	6.4379	6.79172	7.34365	7.55314	8.05305	
0.25	1.56142	2.66815	3.86274	6.31555	5.08361	6.4379	6.79172	7.34365	7.55314	8.05305	
0.25	1.56142	2.66815	3.86274	6.31555	5.08361	6.4379	6.79172	7.34365	7.55314	8.05305	
0.25	1.56142	2.66815	3.86274	6.31555	5.08361	6.4379	6.79172	7.34365	7.55314	8.05305	
0.3	1.68054	2.73957	3.91241	6.34605	5.12145	6.46782	6.8201	7.3699	7.57866	8.07699	1.68054
0.3	1.68054	2.73957	3.91241	6.34605	5.12145	6.46782	6.8201	7.3699	7.57866	8.07699	1.68054
0.3	1.68054	2.73957	3.91241	6.34605	5.12145	6.46782	6.8201	7.3699	7.57866	8.07699	1.68054
0.3	1.68054	2.73957	3.91241	6.34605	5.12145	6.46782	6.8201	7.3699	7.57866	8.07699	1.68054
0.3	1.68054	2.73957	3.91241	6.34605	5.12145	6.46782	6.8201	7.3699	7.57866	8.07699	1.68054
0.3	1.68054	2.73957	3.91241	6.34605	5.12145	6.46782	6.8201	7.3699	7.57866	8.07699	1.68054
0.3	1.68054	2.73957	3.91241	6.34605	5.12145	6.46782	6.8201	7.3699	7.57866	8.07699	1.68054
0.3	1.68054	2.73957	3.91241	6.34605	5.12145	6.46782	6.8201	7.3699	7.57866	8.07699	1.68054
0.3	1.68054	2.73957	3.91241	6.34605	5.12145	6.46782	6.8201	7.3699	7.57866	8.07699	1.68054
0.3	1.68054	2.73957	3.91241	6.34605	5.12145	6.46782	6.8201	7.3699	7.57866	8.07699	1.68054
0.3	1.68054	2.73957	3.91241	6.34605	5.12145	6.46782	6.8201	7.3699	7.57866	8.07699	1.68054
0.3	1.68054	2.73957	3.91241	6.34605	5.12145	6.46782	6.8201	7.3699	7.57866	8.07699	1.68054
0.3	1.68054	2.73957	3.91241	6.34605	5.12145	6.46782	6.8201	7.3699	7.57866	8.07699	1.68054
0.3	1.68054	2.73957	3.91241	6.34605	5.12145	6.46782	6.8201	7.3699	7.57866	8.07699	1.68054
0.3	1.68054	2.73957	3.91241	6.34605	5.12145	6.46782	6.8201	7.3699	7.57866	8.07699	1.68054
0.3	1.68054	2.73957	3.91241	6.34605	5.12145	6.46782	6.8201	7.3699	7.57866	8.07699	1.68054
0.3	1.68054	2.73957	3.91241	6.34605	5.12145	6.46782	6.8201	7.3699	7.57866	8.07699	1.68054
0.3	1.68054	2.73957	3.91241	6.34605	5.12145	6.46782	6.8201	7.3699	7.57866	8.07699	1.68054
0.3	1.68054	2.73957	3.91241	6.34605	5.12145	6.46782	6.8201	7.3699	7.57866	8.07699	1.68054
0.3	1.68054	2.73957	3.91241	6.34605	5.12145	6.46782	6.8201	7.3699	7.57866	8.07699	1.68054
0.3	1.68054	2.73957	3.91241	6.34605	5.12145	6.46782	6.8201	7.3699	7.57866	8.07699	1.68054
0.3	1.68054	2.73957	3.91241	6.34605	5.12145	6.46782	6.8201	7.3699	7.57866	8.07699	1.68054
0.3	1.68054	2.73957	3.91241	6.34605	5.12145	6.46782	6.8201	7.3699	7.57866	8.07699	1.68054
0.35	1.81125	2.82164	3.97031	6.38191	5.16582	6.50301	6.85347	7.4008	7.60871	8.10519	
0.35	1.81125	2.82164	3.97031	6.38191	5.16582	6.50301	6.85347	7.4008	7.60871	8.10519	
0.35	1.81125	2.82164	3.97031	6.38191	5.16582	6.50301	6.85347	7.4008	7.60871	8.10519	
0.35	1.81125	2.82164	3.97031	6.38191	5.16582	6.50301	6.85347	7.4008	7.60871	8.10519	
0.35	1.81125	2.82164	3.97031	6.38191	5.16582	6.50301	6.85347	7.4008	7.60871	8.10519	
0.35	1.81125	2.82164	3.97031	6.38191	5.16582	6.50301	6.85347	7.4008	7.60871	8.10519	
0.35	1.81125	2.82164	3.97031	6.38191	5.16582	6.50301	6.85347	7.4008	7.60871	8.10519	
0.35	1.81125	2.82164	3.97031	6.38191	5.16582	6.50301	6.85347	7.4008	7.60871	8.10519	
0.35	1.81125	2.82164	3.97031	6.38191	5.16582	6.50301	6.85347	7.4008	7.60871	8.10519	
0.35	1.81125	2.82164	3.97031	6.38191	5.16582	6.50301	6.85347	7.4008	7.60871	8.10519	
0.35	1.81125	2.82164	3.97031	6.38191	5.16582	6.50301	6.85347	7.4008	7.60871	8.10519	
0.35	1.81125	2.82164	3.97031	6.38191	5.16582	6.50301	6.85347	7.4008	7.60871	8.10519	
0.35	1.81125	2.82164	3.97031	6.38191	5.16582	6.50301	6.85347	7.4008	7.60871	8.10519	
0.35	1.81125	2.82164	3.97031	6.38191	5.16582	6.50301	6.85347	7.4008	7.60871	8.10519	
0.35	1.81125	2.82164	3.97031	6.38191	5.16582	6.50301	6.85347	7.4008	7.60871	8.10519	
0.35	1.81125	2.82164	3.97031	6.38191	5.16582	6.50301	6.85347	7.4008	7.60871	8.10519	
0.35	1.81125	2.82164	3.97031	6.38191	5.16582	6.50301	6.85347	7.4008	7.60871	8.10519	
0.35	1.81125	2.82164	3.97031	6.38191	5.16582	6.50301	6.85347	7.4008	7.60871	8.10519	
0.35	1.81125	2.82164	3.97031	6.38191	5.16582	6.50301	6.85347	7.4008	7.60871	8.10519	
0.35	1.81125	2.82164	3.97031	6.38191	5.16582	6.50301	6.85347	7.4008	7.60871	8.10519	
0.35	1.81125	2.82164	3.97031	6.38191	5.16582	6.50301	6.85347	7.4008	7.60871	8.10519	
0.35	1.81125	2.82164	3.97031	6.38191	5.16582	6.50301	6.85347	7.4008	7.60871	8.10519	
0.35	1.81125	2.82164	3.97031	6.38191	5.16582	6.50301	6.85347	7.4008	7.60871	8.10519	
0.4	1.95121	2.91346	4.03608	6.42303	5.21654	6.54337	6.89179	7.43629	7.64324	8.13762	1.95121
0.4	1.95121	2.91346	4.03608	6.42303	5.21654	6.54337	6.89179	7.43629	7.64324	8.13762	1.95121
0.4	1.95121	2.91346	4.03608	6.42303	5.21654	6.54337	6.89179	7.43629	7.64324	8.13762	1.95121
0.4	1.95121	2.91346	4.03608	6.42303	5.21654	6.54337	6.89179	7.43629	7.64324	8.13762	1.95121
0.4	1.95121	2.91346	4.03608	6.42303	5.21654	6.54337	6.89179	7.43629	7.64324	8.13762	1.95121
0.4	1.95121	2.91346	4.03608	6.42303	5.21654	6.54337	6.89179	7.43629	7.64324	8.13762	1.95121
0.4	1.95121	2.91346	4.03608	6.42303	5.21654	6.54337	6.89179	7.43629	7.64324	8.13762	1.95121
0.4	1.95121	2.91346	4.03608	6.42303	5.21654	6.54337	6.89179	7.43629	7.64324	8.13762	1.95121
0.4	1.95121	2.91346	4.03608	6.42303	5.21654	6.54337	6.89179	7.43629	7.64324	8.13762	1.95121
0.4	1.95121	2.91346	4.03608	6.42303	5.21654	6.54337	6.89179	7.43629	7.64324	8.13762	1.95121
0.4	1.95121	2.91346	4.03608	6.42303	5.21654	6.54337	6.89179	7.43629	7.64324	8.13762	1.95121
0.4	1.95121	2.91346	4.03608	6.42303	5.21654	6.54337	6.89179	7.43629	7.64324	8.13762	1.95121
0.4	1.95121	2.91346	4.03608	6.42303	5.21654	6.54337	6.89179	7.43629	7.64324	8.13762	1.95121
0.4	1.95121	2.91346	4.03608	6.42303	5.21654	6.54337	6.89179	7.43629	7.64324	8.13762	1.95121
0.4	1.95121	2.91346	4.03608	6.42303	5.21654	6.54337	6.89179	7.43629	7.64324	8.13762	1.95121
0.4	1.95121	2.91346	4.03608	6.42303	5.21654	6.54337	6.89179	7.43629	7.64324	8.13762	1.95121
0.4	1.95121	2.91346	4.03608	6.42303	5.21654	6.54337	6.89179	7.43629	7.64324	8.13762	1.95121
0.4	1.95121	2.91346	4.03608	6.42303	5.21654	6.54337	6.89179	7.43629	7.64324	8.13762	1.95121
0.4	1.95121	2.91346	4.03608	6.42303	5.21654	6.54337	6.89179	7.43629	7.64324	8.13762	1.95121
0.4	1.95121	2.91346	4.03608	6.42303	5.21654	6.54337	6.89179	7.43629	7.64324	8.13762	1.95121
0.4	1.95121	2.91346	4.03608	6.42303	5.21654	6.54337	6.89179	7.43629	7.64324	8.13762	1.95121
0.4	1.95121	2.91346	4.03608	6.42303	5.21654	6.54337	6.89179	7.43629	7.64324	8.13762	1.95121
0.4	1.95121	2.91346	4.03608	6.42303	5.21654	6.54337	6.89179	7.43629	7.64324	8.13762	1.95121
0.45	2.09858	3.01415	4.10935	6.46933	5.27344	6.58882	6.93495	7.47631	7.68218	8.1742	
0.45	2.09858	3.01415	4.10935	6.46933	5.27344	6.58882	6.93495	7.47631	7.68218	8.1742	
0.45	2.09858	3.01415	4.10935	6.46933	5.27344	6.58882	6.93495	7.47631	7.68218	8.1742	
0.45	2.09858	3.01415	4.10935	6.46933	5.27344	6.58882	6.93495	7.47631	7.68218	8.1742	
0.45	2.09858	3.01415	4.10935	6.46933	5.27344	6.58882	6.93495	7.47631	7.68218	8.1742	
0.45	2.09858	3.01415	4.10935	6.46933	5.27344	6.58882	6.93495	7.47631	7.68218	8.1742	
0.45	2.09858	3.01415	4.10935	6.46933	5.27344	6.58882	6.93495	7.47631	7.68218	8.1742	
0.45	2.09858	3.01415	4.10935	6.46933	5.27344	6.58882	6.93495	7.47631	7.68218	8.1742	
0.45	2.09858	3.01415	4.10935	6.46933	5.27344	6.58882	6.93495	7.47631	7.68218	8.1742	
0.45	2.09858	3.01415	4.10935	6.46933	5.27344	6.58882	6.93495	7.47631	7.68218	8.1742	
0.45	2.09858	3.01415	4.10935	6.46933	5.27344	6.58882	6.93495	7.47631	7.68218	8.1742	
0.45	2.09858	3.01415	4.10935	6.46933	5.27344	6.58882	6.93495	7.47631	7.68218	8.1742	
0.45	2.09858	3.01415	4.10935	6.46933	5.27344	6.58882	6.93495	7.47631	7.68218	8.1742	
0.45	2.09858	3.01415	4.10935	6.46933	5.27344	6.58882	6.93495	7.47631	7.68218	8.1742	
0.45	2.09858	3.01415	4.10935	6.46933	5.27344	6.58882	6.93495	7.47631	7.68218	8.1742	
0.45	2.09858	3.01415	4.10935	6.46933	5.27344	6.58882	6.93495	7.47631	7.68218	8.1742	
0.45	2.09858	3.01415	4.10935	6.46933	5.27344	6.58882	6.93495	7.47631	7.68218	8.1742	
0.45	2.09858	3.01415	4.10935	6.46933	5.27344	6.58882	6.93495	7.47631	7.68218	8.1742	
0.45	2.09858	3.01415	4.10935	6.46933	5.27344	6.58882	6.93495	7.47631	7.68218	8.1742	
0.45	2.09858	3.01415	4.10935	6.46933	5.27344	6.58882	6.93495	7.47631	7.68218	8.1742	
0.45	2.09858	3.01415	4.10935	6.46933	5.27344	6.58882	6.93495	7.47631	7.68218	8.1742	
0.45	2.09858	3.01415	4.10935	6.46933	5.27344	6.58882	6.93495	7.47631	7.68218	8.1742	
0.45	2.09858	3.01415	4.10935	6.46933	5.27344	6.58882	6.93495	7.47631	7.68218	8.1742	
0.5	2.25191	3.12284	4.18973	6.52068	5.33631	6.63924	6.98288	7.52079	7.72547	8.2149	2.25191
0.5	2.25191	3.12284	4.18973	6.52068	5.33631	6.63924	6.98288	7.52079	7.72547	8.2149	2.25191
0.5	2.25191	3.12284	4.18973	6.52068	5.33631	6.63924	6.98288	7.52079	7.72547	8.2149	2.25191
0.5	2.25191	3.12284	4.18973	6.52068	5.33631	6.63924	6.98288	7.52079	7.72547	8.2149	2.25191
0.5	2.25191	3.12284	4.18973	6.52068	5.33631	6.63924	6.98288	7.52079	7.72547	8.2149	2.25191
0.5	2.25191	3.12284	4.18973	6.52068	5.33631	6.63924	6.98288	7.52079	7.72547	8.2149	2.25191
0.5	2.25191	3.12284	4.18973	6.52068	5.33631	6.63924	6.98288	7.52079	7.72547	8.2149	2.25191
0.5	2.25191	3.12284	4.18973	6.52068	5.33631	6.63924	6.98288	7.52079	7.72547	8.2149	2.25191
0.5	2.25191	3.12284	4.18973	6.52068	5.33631	6.63924	6.98288	7.52079	7.72547	8.2149	2.25191
0.5	2.25191	3.12284	4.18973	6.52068	5.33631	6.63924	6.98288	7.52079	7.72547	8.2149	2.25191
0.5	2.25191	3.12284	4.18973	6.52068	5.33631	6.63924	6.98288	7.52079	7.72547	8.2149	2.25191
0.5	2.25191	3.12284	4.18973	6.52068	5.33631	6.63924	6.98288	7.52079	7.72547	8.2149	2.25191
0.5	2.25191	3.12284	4.18973	6.52068	5.33631	6.63924	6.98288	7.52079	7.72547	8.2149	2.25191
0.5	2.25191	3.12284	4.18973	6.52068	5.33631	6.63924	6.98288	7.52079	7.72547	8.2149	2.25191
0.5	2.25191	3.12284	4.18973	6.52068	5.33631	6.63924	6.98288	7.52079	7.72547	8.2149	2.25191
0.5	2.25191	3.12284	4.18973	6.52068	5.33631	6.63924	6.98288	7.52079	7.72547	8.2149	2.25191
0.5	2.25191	3.12284	4.18973	6.52068	5.33631	6.63924	6.98288	7.52079	7.72547	8.2149	2.25191
0.5	2.25191	3.12284	4.18973	6.52068	5.33631	6.63924	6.98288	7.52079	7.72547	8.2149	2.25191
0.5	2.25191	3.12284	4.18973	6.52068	5.33631	6.63924	6.98288	7.52079	7.72547	8.2149	2.25191
0.5	2.25191	3.12284	4.18973	6.52068	5.33631	6.63924	6.98288	7.52079	7.72547	8.2149	2.25191
0.5	2.25191	3.12284	4.18973	6.52068	5.33631	6.63924	6.98288	7.52079	7.72547	8.2149	2.25191
0.5	2.25191	3.12284	4.18973	6.52068	5.33631	6.63924	6.98288	7.52079	7.72547	8.2149	2.25191
0.5	2.25191	3.12284	4.18973	6.52068	5.33631	6.63924	6.98288	7.52079	7.72547	8.2149	2.25191
0.55	2.41005	3.23873	4.27681	6.57697	5.40495	6.69454	7.03547	7.56965	7.77304	8.25966	
0.55	2.41005	3.23873	4.27681	6.57697	5.40495	6.69454	7.03547	7.56965	7.77304	8.25966	
0.55	2.41005	3.23873	4.27681	6.57697	5.40495	6.69454	7.03547	7.56965	7.77304	8.25966	
0.55	2.41005	3.23873	4.27681	6.57697	5.40495	6.69454	7.03547	7.56965	7.77304	8.25966	
0.55	2.41005	3.23873	4.27681	6.57697	5.40495	6.69454	7.03547	7.56965	7.77304	8.25966	
0.55	2.41005	3.23873	4.27681	6.57697	5.40495	6.69454	7.03547	7.56965	7.77304	8.25966	
0.55	2.41005	3.23873	4.27681	6.57697	5.40495	6.69454	7.03547	7.56965	7.77304	8.25966	
0.55	2.41005	3.23873	4.27681	6.57697	5.40495	6.69454	7.03547	7.56965	7.77304	8.25966	
0.55	2.41005	3.23873	4.27681	6.57697	5.40495	6.69454	7.03547	7.56965	7.77304	8.25966	
0.55	2.41005	3.23873	4.27681	6.57697	5.40495	6.69454	7.03547	7.56965	7.77304	8.25966	
0.55	2.41005	3.23873	4.27681	6.57697	5.40495	6.69454	7.03547	7.56965	7.77304	8.25966	
0.55	2.41005	3.23873	4.27681	6.57697	5.40495	6.69454	7.03547	7.56965	7.77304	8.25966	
0.55	2.41005	3.23873	4.27681	6.57697	5.40495	6.69454	7.03547	7.56965	7.77304	8.25966	
0.55	2.41005	3.23873	4.27681	6.57697	5.40495	6.69454	7.03547	7.56965	7.77304	8.25966	
0.55	2.41005	3.23873	4.27681	6.57697	5.40495	6.69454	7.03547	7.56965	7.77304	8.25966	
0.55	2.41005	3.23873	4.27681	6.57697	5.40495	6.69454	7.03547	7.56965	7.77304	8.25966	
0.55	2.41005	3.23873	4.27681	6.57697	5.40495	6.69454	7.03547	7.56965	7.77304	8.25966	
0.55	2.41005	3.23873	4.27681	6.57697	5.40495	6.69454	7.03547	7.56965	7.77304	8.25966	
0.55	2.41005	3.23873	4.27681	6.57697	5.40495	6.69454	7.03547	7.56965	7.77304	8.25966	
0.55	2.41005	3.23873	4.27681	6.57697	5.40495	6.69454	7.03547	7.56965	7.77304	8.25966	
0.55	2.41005	3.23873	4.27681	6.57697	5.40495	6.69454	7.03547	7.56965	7.77304	8.25966	
0.55	2.41005	3.23873	4.27681	6.57697	5.40495	6.69454	7.03547	7.56965	7.77304	8.25966	
0.55	2.41005	3.23873	4.27681	6.57697	5.40495	6.69454	7.03547	7.56965	7.77304	8.25966	
0.6	2.57213	3.36108	4.37019	6.63807	5.47913	6.75458	7.09262	7.6228	7.82481	8.30839	2.57213
0.6	2.57213	3.36108	4.37019	6.63807	5.47913	6.75458	7.09262	7.6228	7.82481	8.30839	2.57213
0.6	2.57213	3.36108	4.37019	6.63807	5.47913	6.75458	7.09262	7.6228	7.82481	8.30839	2.57213
0.6	2.57213	3.36108	4.37019	6.63807	5.47913	6.75458	7.09262	7.6228	7.82481	8.30839	2.57213
0.6	2.57213	3.36108	4.37019	6.63807	5.47913	6.75458	7.09262	7.6228	7.82481	8.30839	2.57213
0.6	2.57213	3.36108	4.37019	6.63807	5.47913	6.75458	7.09262	7.6228	7.82481	8.30839	2.57213
0.6	2.57213	3.36108	4.37019	6.63807	5.47913	6.75458	7.09262	7.6228	7.82481	8.30839	2.57213
0.6	2.57213	3.36108	4.37019	6.63807	5.47913	6.75458	7.09262	7.6228	7.82481	8.30839	2.57213
0.6	2.57213	3.36108	4.37019	6.63807	5.47913	6.75458	7.09262	7.6228	7.82481	8.30839	2.57213
0.6	2.57213	3.36108	4.37019	6.63807	5.47913	6.75458	7.09262	7.6228	7.82481	8.30839	2.57213
0.6	2.57213	3.36108	4.37019	6.63807	5.47913	6.75458	7.09262	7.6228	7.82481	8.30839	2.57213
0.6	2.57213	3.36108	4.37019	6.63807	5.47913	6.75458	7.09262	7.6228	7.82481	8.30839	2.57213
0.6	2.57213	3.36108	4.37019	6.63807	5.47913	6.75458	7.09262	7.6228	7.82481	8.30839	2.57213
0.6	2.57213	3.36108	4.37019	6.63807	5.47913	6.75458	7.09262	7.6228	7.82481	8.30839	2.57213
0.6	2.57213	3.36108	4.37019	6.63807	5.47913	6.75458	7.09262	7.6228	7.82481	8.30839	2.57213
0.6	2.57213	3.36108	4.37019	6.63807	5.47913	6.75458	7.09262	7.6228	7.82481	8.30839	2.57213
0.6	2.57213	3.36108	4.37019	6.63807	5.47913	6.75458	7.09262	7.6228	7.82481	8.30839	2.57213
0.6	2.57213	3.36108	4.37019	6.63807	5.47913	6.75458	7.09262	7.6228	7.82481	8.30839	2.57213
0.6	2.57213	3.36108	4.37019	6.63807	5.47913	6.75458	7.09262	7.6228	7.82481	8.30839	2.57213
0.6	2.57213	3.36108	4.37019	6.63807	5.47913	6.75458	7.09262	7.6228	7.82481	8.30839	2.57213
0.6	2.57213	3.36108	4.37019	6.63807	5.47913	6.75458	7.09262	7.6228	7.82481	8.30839	2.57213
0.6	2.57213	3.36108	4.37019	6.63807	5.47913	6.75458	7.09262	7.6228	7.82481	8.30839	2.57213
0.6	2.57213	3.36108	4.37019	6.63807	5.47913	6.75458	7.09262	7.6228	7.82481	8.30839	2.57213
0.65	2.73743	3.4892	4.46948	6.70385	5.55865	6.81924	7.15423	7.68015	7.8807	8.36105	
0.65	2.73743	3.4892	4.46948	6.70385	5.55865	6.81924	7.15423	7.68015	7.8807	8.36105	
0.65	2.73743	3.4892	4.46948	6.70385	5.55865	6.81924	7.15423	7.68015	7.8807	8.36105	
0.65	2.73743	3.4892	4.46948	6.70385	5.55865	6.81924	7.15423	7.68015	7.8807	8.36105	
0.65	2.73743	3.4892	4.46948	6.70385	5.55865	6.81924	7.15423	7.68015	7.8807	8.36105	
0.65	2.73743	3.4892	4.46948	6.70385	5.55865	6.81924	7.15423	7.68015	7.8807	8.36105	
0.65	2.73743	3.4892	4.46948	6.70385	5.55865	6.81924	7.15423	7.68015	7.8807	8.36105	
0.65	2.73743	3.4892	4.46948	6.70385	5.55865	6.81924	7.15423	7.68015	7.8807	8.36105	
0.65	2.73743	3.4892	4.46948	6.70385	5.55865	6.81924	7.15423	7.68015	7.8807	8.36105	
0.65	2.73743	3.4892	4.46948	6.70385	5.55865	6.81924	7.15423	7.68015	7.8807	8.36105	
0.65	2.73743	3.4892	4.46948	6.70385	5.55865	6.81924	7.15423	7.68015	7.8807	8.36105	
0.65	2.73743	3.4892	4.46948	6.70385	5.55865	6.81924	7.15423	7.68015	7.8807	8.36105	
0.65	2.73743	3.4892	4.46948	6.70385	5.55865	6.81924	7.15423	7.68015	7.8807	8.36105	
0.65	2.73743	3.4892	4.46948	6.70385	5.55865	6.81924	7.15423	7.68015	7.8807	8.36105	
0.65	2.73743	3.4892	4.46948	6.70385	5.55865	6.81924	7.15423	7.68015	7.8807	8.36105	
0.65	2.73743	3.4892	4.46948	6.70385	5.55865	6.81924	7.15423	7.68015	7.8807	8.36105	
0.65	2.73743	3.4892	4.46948	6.70385	5.55865	6.81924	7.15423	7.68015	7.8807	8.36105	
0.65	2.73743	3.4892	4.46948	6.70385	5.55865	6.81924	7.15423	7.68015	7.8807	8.36105	
0.65	2.73743	3.4892	4.46948	6.70385	5.55865	6.81924	7.15423	7.68015	7.8807	8.36105	
0.65	2.73743	3.4892	4.46948	6.70385	5.55865	6.81924	7.15423	7.68015	7.8807	8.36105	
0.65	2.73743	3.4892	4.46948	6.70385	5.55865	6.81924	7.15423	7.68015	7.8807	8.36105	
0.65	2.73743	3.4892	4.46948	6.70385	5.55865	6.81924	7.15423	7.68015	7.8807	8.36105	
0.65	2.73743	3.4892	4.46948	6.70385	5.55865	6.81924	7.15423	7.68015	7.8807	8.36105	
0.7	2.90541	3.62249	4.57429	6.77418	5.64327	6.88839	7.22017	7.74162	7.94061	8.41754	2.90541
0.7	2.90541	3.62249	4.57429	6.77418	5.64327	6.88839	7.22017	7.74162	7.94061	8.41754	2.90541
0.7	2.90541	3.62249	4.57429	6.77418	5.64327	6.88839	7.22017	7.74162	7.94061	8.41754	2.90541
0.7	2.90541	3.62249	4.57429	6.77418	5.64327	6.88839	7.22017	7.74162	7.94061	8.41754	2.90541
0.7	2.90541	3.62249	4.57429	6.77418	5.64327	6.88839	7.22017	7.74162	7.94061	8.41754	2.90541
0.7	2.90541	3.62249	4.57429	6.77418	5.64327	6.88839	7.22017	7.74162	7.94061	8.41754	2.90541
0.7	2.90541	3.62249	4.57429	6.77418	5.64327	6.88839	7.22017	7.74162	7.94061	8.41754	2.90541
0.7	2.90541	3.62249	4.57429	6.77418	5.64327	6.88839	7.22017	7.74162	7.94061	8.41754	2.90541
0.7	2.90541	3.62249	4.57429	6.77418	5.64327	6.88839	7.22017	7.74162	7.94061	8.41754	2.90541
0.7	2.90541	3.62249	4.57429	6.77418	5.64327	6.88839	7.22017	7.74162	7.94061	8.41754	2.90541
0.7	2.90541	3.62249	4.57429	6.77418	5.64327	6.88839	7.22017	7.74162	7.94061	8.41754	2.90541
0.7	2.90541	3.62249	4.57429	6.77418	5.64327	6.88839	7.22017	7.74162	7.94061	8.41754	2.90541
0.7	2.90541	3.62249	4.57429	6.77418	5.64327	6.88839	7.22017	7.74162	7.94061	8.41754	2.90541
0.7	2.90541	3.62249	4.57429	6.77418	5.64327	6.88839	7.22017	7.74162	7.94061	8.41754	2.90541
0.7	2.90541	3.62249	4.57429	6.77418	5.64327	6.88839	7.22017	7.74162	7.94061	8.41754	2.90541
0.7	2.90541	3.62249	4.57429	6.77418	5.64327	6.88839	7.22017	7.74162	7.94061	8.41754	2.90541
0.7	2.90541	3.62249	4.57429	6.77418	5.64327	6.88839	7.22017	7.74162	7.94061	8.41754	2.90541
0.7	2.90541	3.62249	4.57429	6.77418	5.64327	6.88839	7.22017	7.74162	7.94061	8.41754	2.90541
0.7	2.90541	3.62249	4.57429	6.77418	5.64327	6.88839	7.22017	7.74162	7.94061	8.41754	2.90541
0.7	2.90541	3.62249	4.57429	6.77418	5.64327	6.88839	7.22017	7.74162	7.94061	8.41754	2.90541
0.7	2.90541	3.62249	4.57429	6.77418	5.64327	6.88839	7.22017	7.74162	7.94061	8.41754	2.90541
0.7	2.90541	3.62249	4.57429	6.77418	5.64327	6.88839	7.22017	7.74162	7.94061	8.41754	2.90541
0.7	2.90541	3.62249	4.57429	6.77418	5.64327	6.88839	7.22017	7.74162	7.94061	8.41754	2.90541
0.75	3.07564	3.7604	4.68426	6.84892	5.73277	6.9619	7.29034	7.8071	8.00446	8.4778	
0.75	3.07564	3.7604	4.68426	6.84892	5.73277	6.9619	7.29034	7.8071	8.00446	8.4778	
0.75	3.07564	3.7604	4.68426	6.84892	5.73277	6.9619	7.29034	7.8071	8.00446	8.4778	
0.75	3.07564	3.7604	4.68426	6.84892	5.73277	6.9619	7.29034	7.8071	8.00446	8.4778	
0.75	3.07564	3.7604	4.68426	6.84892	5.73277	6.9619	7.29034	7.8071	8.00446	8.4778	
0.75	3.07564	3.7604	4.68426	6.84892	5.73277	6.9619	7.29034	7.8071	8.00446	8.4778	
0.75	3.07564	3.7604	4.68426	6.84892	5.73277	6.9619	7.29034	7.8071	8.00446	8.4778	
0.75	3.07564	3.7604	4.68426	6.84892	5.73277	6.9619	7.29034	7.8071	8.00446	8.4778	
0.75	3.07564	3.7604	4.68426	6.84892	5.73277	6.9619	7.29034	7.8071	8.00446	8.4778	
0.75	3.07564	3.7604	4.68426	6.84892	5.73277	6.9619	7.29034	7.8071	8.00446	8.4778	
0.75	3.07564	3.7604	4.68426	6.84892	5.73277	6.9619	7.29034	7.8071	8.00446	8.4778	
0.75	3.07564	3.7604	4.68426	6.84892	5.73277	6.9619	7.29034	7.8071	8.00446	8.4778	
0.75	3.07564	3.7604	4.68426	6.84892	5.73277	6.9619	7.29034	7.8071	8.00446	8.4778	
0.75	3.07564	3.7604	4.68426	6.84892	5.73277	6.9619	7.29034	7.8071	8.00446	8.4778	
0.75	3.07564	3.7604	4.68426	6.84892	5.73277	6.9619	7.29034	7.8071	8.00446	8.4778	
0.75	3.07564	3.7604	4.68426	6.84892	5.73277	6.9619	7.29034	7.8071	8.00446	8.4778	
0.75	3.07564	3.7604	4.68426	6.84892	5.73277	6.9619	7.29034	7.8071	8.00446	8.4778	
0.75	3.07564	3.7604	4.68426	6.84892	5.73277	6.9619	7.29034	7.8071	8.00446	8.4778	
0.75	3.07564	3.7604	4.68426	6.84892	5.73277	6.9619	7.29034	7.8071	8.00446	8.4778	
0.75	3.07564	3.7604	4.68426	6.84892	5.73277	6.9619	7.29034	7.8071	8.00446	8.4778	
0.75	3.07564	3.7604	4.68426	6.84892	5.73277	6.9619	7.29034	7.8071	8.00446	8.4778	
0.75	3.07564	3.7604	4.68426	6.84892	5.73277	6.9619	7.29034	7.8071	8.00446	8.4778	
0.75	3.07564	3.7604	4.68426	6.84892	5.73277	6.9619	7.29034	7.8071	8.00446	8.4778	
0.8	3.24775	3.90242	4.79902	6.92792	5.82692	7.03963	7.3646	7.87649	8.07216	8.54175	3.24775
0.8	3.24775	3.90242	4.79902	6.92792	5.82692	7.03963	7.3646	7.87649	8.07216	8.54175	3.24775
0.8	3.24775	3.90242	4.79902	6.92792	5.82692	7.03963	7.3646	7.87649	8.07216	8.54175	3.24775
0.8	3.24775	3.90242	4.79902	6.92792	5.82692	7.03963	7.3646	7.87649	8.07216	8.54175	3.24775
0.8	3.24775	3.90242	4.79902	6.92792	5.82692	7.03963	7.3646	7.87649	8.07216	8.54175	3.24775
0.8	3.24775	3.90242	4.79902	6.92792	5.82692	7.03963	7.3646	7.87649	8.07216	8.54175	3.24775
0.8	3.24775	3.90242	4.79902	6.92792	5.82692	7.03963	7.3646	7.87649	8.07216	8.54175	3.24775
0.8	3.24775	3.90242	4.79902	6.92792	5.82692	7.03963	7.3646	7.87649	8.07216	8.54175	3.24775
0.8	3.24775	3.90242	4.79902	6.92792	5.82692	7.03963	7.3646	7.87649	8.07216	8.54175	3.24775
0.8	3.24775	3.90242	4.79902	6.92792	5.82692	7.03963	7.3646	7.87649	8.07216	8.54175	3.24775
0.8	3.24775	3.90242	4.79902	6.92792	5.82692	7.03963	7.3646	7.87649	8.07216	8.54175	3.24775
0.8	3.24775	3.90242	4.79902	6.92792	5.82692	7.03963	7.3646	7.87649	8.07216	8.54175	3.24775
0.8	3.24775	3.90242	4.79902	6.92792	5.82692	7.03963	7.3646	7.87649	8.07216	8.54175	3.24775
0.8	3.24775	3.90242	4.79902	6.92792	5.82692	7.03963	7.3646	7.87649	8.07216	8.54175	3.24775
0.8	3.24775	3.90242	4.79902	6.92792	5.82692	7.03963	7.3646	7.87649	8.07216	8.54175	3.24775
0.8	3.24775	3.90242	4.79902	6.92792	5.82692	7.03963	7.3646	7.87649	8.07216	8.54175	3.24775
0.8	3.24775	3.90242	4.79902	6.92792	5.82692	7.03963	7.3646	7.87649	8.07216	8.54175	3.24775
0.8	3.24775	3.90242	4.79902	6.92792	5.82692	7.03963	7.3646	7.87649	8.07216	8.54175	3.24775
0.8	3.24775	3.90242	4.79902	6.92792	5.82692	7.03963	7.3646	7.87649	8.07216	8.54175	3.24775
0.8	3.24775	3.90242	4.79902	6.92792	5.82692	7.03963	7.3646	7.87649	8.07216	8.54175	3.24775
0.8	3.24775	3.90242	4.79902	6.92792	5.82692	7.03963	7.3646	7.87649	8.07216	8.54175	3.24775
0.8	3.24775	3.90242	4.79902	6.92792	5.82692	7.03963	7.3646	7.87649	8.07216	8.54175	3.24775
0.8	3.24775	3.90242	4.79902	6.92792	5.82692	7.03963	7.3646	7.87649	8.07216	8.54175	3.24775
0.85	3.42147	4.04814	4.91825	7.01103	5.9255	7.12144	7.44284	7.94969	8.1436	8.6093	
0.85	3.42147	4.04814	4.91825	7.01103	5.9255	7.12144	7.44284	7.94969	8.1436	8.6093	
0.85	3.42147	4.04814	4.91825	7.01103	5.9255	7.12144	7.44284	7.94969	8.1436	8.6093	
0.85	3.42147	4.04814	4.91825	7.01103	5.9255	7.12144	7.44284	7.94969	8.1436	8.6093	
0.85	3.42147	4.04814	4.91825	7.01103	5.9255	7.12144	7.44284	7.94969	8.1436	8.6093	
0.85	3.42147	4.04814	4.91825	7.01103	5.9255	7.12144	7.44284	7.94969	8.1436	8.6093	
0.85	3.42147	4.04814	4.91825	7.01103	5.9255	7.12144	7.44284	7.94969	8.1436	8.6093	
0.85	3.42147	4.04814	4.91825	7.01103	5.9255	7.12144	7.44284	7.94969	8.1436	8.6093	
0.85	3.42147	4.04814	4.91825	7.01103	5.9255	7.12144	7.44284	7.94969	8.1436	8.6093	
0.85	3.42147	4.04814	4.91825	7.01103	5.9255	7.12144	7.44284	7.94969	8.1436	8.6093	
0.85	3.42147	4.04814	4.91825	7.01103	5.9255	7.12144	7.44284	7.94969	8.1436	8.6093	
0.85	3.42147	4.04814	4.91825	7.01103	5.9255	7.12144	7.44284	7.94969	8.1436	8.6093	
0.85	3.42147	4.04814	4.91825	7.01103	5.9255	7.12144	7.44284	7.94969	8.1436	8.6093	
0.85	3.42147	4.04814	4.91825	7.01103	5.9255	7.12144	7.44284	7.94969	8.1436	8.6093	
0.85	3.42147	4.04814	4.91825	7.01103	5.9255	7.12144	7.44284	7.94969	8.1436	8.6093	
0.85	3.42147	4.04814	4.91825	7.01103	5.9255	7.12144	7.44284	7.94969	8.1436	8.6093	
0.85	3.42147	4.04814	4.91825	7.01103	5.9255	7.12144	7.44284	7.94969	8.1436	8.6093	
0.85	3.42147	4.04814	4.91825	7.01103	5.9255	7.12144	7.44284	7.94969	8.1436	8.6093	
0.85	3.42147	4.04814	4.91825	7.01103	5.9255	7.12144	7.44284	7.94969	8.1436	8.6093	
0.85	3.42147	4.04814	4.91825	7.01103	5.9255	7.12144	7.44284	7.94969	8.1436	8.6093	
0.85	3.42147	4.04814	4.91825	7.01103	5.9255	7.12144	7.44284	7.94969	8.1436	8.6093	
0.85	3.42147	4.04814	4.91825	7.01103	5.9255	7.12144	7.44284	7.94969	8.1436	8.6093	
0.85	3.42147	4.04814	4.91825	7.01103	5.9255	7.12144	7.44284	7.94969	8.1436	8.6093	
0.9	3.59656	4.19717	5.04162	7.09812	6.02829	7.2072	7.52494	8.02661	8.2187	8.68037	3.59656
0.9	3.59656	4.19717	5.04162	7.09812	6.02829	7.2072	7.52494	8.02661	8.2187	8.68037	3.59656
0.9	3.59656	4.19717	5.04162	7.09812	6.02829	7.2072	7.52494	8.02661	8.2187	8.68037	3.59656
0.9	3.59656	4.19717	5.04162	7.09812	6.02829	7.2072	7.52494	8.02661	8.2187	8.68037	3.59656
0.9	3.59656	4.19717	5.04162	7.09812	6.02829	7.2072	7.52494	8.02661	8.2187	8.68037	3.59656
0.9	3.59656	4.19717	5.04162	7.09812	6.02829	7.2072	7.52494	8.02661	8.2187	8.68037	3.59656
0.9	3.59656	4.19717	5.04162	7.09812	6.02829	7.2072	7.52494	8.02661	8.2187	8.68037	3.59656
0.9	3.59656	4.19717	5.04162	7.09812	6.02829	7.2072	7.52494	8.02661	8.2187	8.68037	3.59656
0.9	3.59656	4.19717	5.04162	7.09812	6.02829	7.2072	7.52494	8.02661	8.2187	8.68037	3.59656
0.9	3.59656	4.19717	5.04162	7.09812	6.02829	7.2072	7.52494	8.02661	8.2187	8.68037	3.59656
0.9	3.59656	4.19717	5.04162	7.09812	6.02829	7.2072	7.52494	8.02661	8.2187	8.68037	3.59656
0.9	3.59656	4.19717	5.04162	7.09812	6.02829	7.2072	7.52494	8.02661	8.2187	8.68037	3.59656
0.9	3.59656	4.19717	5.04162	7.09812	6.02829	7.2072	7.52494	8.02661	8.2187	8.68037	3.59656
0.9	3.59656	4.19717	5.04162	7.09812	6.02829	7.2072	7.52494	8.02661	8.2187	8.68037	3.59656
0.9	3.59656	4.19717	5.04162	7.09812	6.02829	7.2072	7.52494	8.02661	8.2187	8.68037	3.59656
0.9	3.59656	4.19717	5.04162	7.09812	6.02829	7.2072	7.52494	8.02661	8.2187	8.68037	3.59656
0.9	3.59656	4.19717	5.04162	7.09812	6.02829	7.2072	7.52494	8.02661	8.2187	8.68037	3.59656
0.9	3.59656	4.19717	5.04162	7.09812	6.02829	7.2072	7.52494	8.02661	8.2187	8.68037	3.59656
0.9	3.59656	4.19717	5.04162	7.09812	6.02829	7.2072	7.52494	8.02661	8.2187	8.68037	3.59656
0.9	3.59656	4.19717	5.04162	7.09812	6.02829	7.2072	7.52494	8.02661	8.2187	8.68037	3.59656
0.9	3.59656	4.19717	5.04162	7.09812	6.02829	7.2072	7.52494	8.02661	8.2187	8.68037	3.59656
0.9	3.59656	4.19717	5.04162	7.09812	6.02829	7.2072	7.52494	8.02661	8.2187	8.68037	3.59656
0.9	3.59656	4.19717	5.04162	7.09812	6.02829	7.2072	7.52494	8.02661	8.2187	8.68037	3.59656
0.95	3.77282	4.34916	5.16884	7.18904	6.13509	7.29676	7.61076	8.10712	8.29735	8.75487	
0.95	3.77282	4.34916	5.16884	7.18904	6.13509	7.29676	7.61076	8.10712	8.29735	8.75487	
0.95	3.77282	4.34916	5.16884	7.18904	6.13509	7.29676	7.61076	8.10712	8.29735	8.75487	
0.95	3.77282	4.34916	5.16884	7.18904	6.13509	7.29676	7.61076	8.10712	8.29735	8.75487	
0.95	3.77282	4.34916	5.16884	7.18904	6.13509	7.29676	7.61076	8.10712	8.29735	8.75487	
0.95	3.77282	4.34916	5.16884	7.18904	6.13509	7.29676	7.61076	8.10712	8.29735	8.75487	
0.95	3.77282	4.34916	5.16884	7.18904	6.13509	7.29676	7.61076	8.10712	8.29735	8.75487	
0.95	3.77282	4.34916	5.16884	7.18904	6.13509	7.29676	7.61076	8.10712	8.29735	8.75487	
0.95	3.77282	4.34916	5.16884	7.18904	6.13509	7.29676	7.61076	8.10712	8.29735	8.75487	
0.95	3.77282	4.34916	5.16884	7.18904	6.13509	7.29676	7.61076	8.10712	8.29735	8.75487	
0.95	3.77282	4.34916	5.16884	7.18904	6.13509	7.29676	7.61076	8.10712	8.29735	8.75487	
0.95	3.77282	4.34916	5.16884	7.18904	6.13509	7.29676	7.61076	8.10712	8.29735	8.75487	
0.95	3.77282	4.34916	5.16884	7.18904	6.13509	7.29676	7.61076	8.10712	8.29735	8.75487	
0.95	3.77282	4.34916	5.16884	7.18904	6.13509	7.29676	7.61076	8.10712	8.29735	8.75487	
0.95	3.77282	4.34916	5.16884	7.18904	6.13509	7.29676	7.61076	8.10712	8.29735	8.75487	
0.95	3.77282	4.34916	5.16884	7.18904	6.13509	7.29676	7.61076	8.10712	8.29735	8.75487	
0.95	3.77282	4.34916	5.16884	7.18904	6.13509	7.29676	7.61076	8.10712	8.29735	8.75487	
0.95	3.77282	4.34916	5.16884	7.18904	6.13509	7.29676	7.61076	8.10712	8.29735	8.75487	
0.95	3.77282	4.34916	5.16884	7.18904	6.13509	7.29676	7.61076	8.10712	8.29735	8.75487	
0.95	3.77282	4.34916	5.16884	7.18904	6.13509	7.29676	7.61076	8.10712	8.29735	8.75487	
0.95	3.77282	4.34916	5.16884	7.18904	6.13509	7.29676	7.61076	8.10712	8.29735	8.75487	
0.95	3.77282	4.34916	5.16884	7.18904	6.13509	7.29676	7.61076	8.10712	8.29735	8.75487	
0.95	3.77282	4.34916	5.16884	7.18904	6.13509	7.29676	7.61076	8.10712	8.29735	8.75487	
1	3.95011	4.50382	5.29963	7.28365	6.24568	7.38998	7.70019	8.19113	8.37945	8.83272	3.95011
1	3.95011	4.50382	5.29963	7.28365	6.24568	7.38998	7.70019	8.19113	8.37945	8.83272	3.95011
1	3.95011	4.50382	5.29963	7.28365	6.24568	7.38998	7.70019	8.19113	8.37945	8.83272	3.95011
1	3.95011	4.50382	5.29963	7.28365	6.24568	7.38998	7.70019	8.19113	8.37945	8.83272	3.95011
1	3.95011	4.50382	5.29963	7.28365	6.24568	7.38998	7.70019	8.19113	8.37945	8.83272	3.95011
1	3.95011	4.50382	5.29963	7.28365	6.24568	7.38998	7.70019	8.19113	8.37945	8.83272	3.95011
1	3.95011	4.50382	5.29963	7.28365	6.24568	7.38998	7.70019	8.19113	8.37945	8.83272	3.95011
1	3.95011	4.50382	5.29963	7.28365	6.24568	7.38998	7.70019	8.19113	8.37945	8.83272	3.95011
1	3.95011	4.50382	5.29963	7.28365	6.24568	7.38998	7.70019	8.19113	8.37945	8.83272	3.95011
1	3.95011	4.50382	5.29963	7.28365	6.24568	7.38998	7.70019	8.19113	8.37945	8.83272	3.95011
1	3.95011	4.50382	5.29963	7.28365	6.24568	7.38998	7.70019	8.19113	8.37945	8.83272	3.95011
1	3.95011	4.50382	5.29963	7.28365	6.24568	7.38998	7.70019	8.19113	8.37945	8.83272	3.95011
1	3.95011	4.50382	5.29963	7.28365	6.24568	7.38998	7.70019	8.19113	8.37945	8.83272	3.95011
1	3.95011	4.50382	5.29963	7.28365	6.24568	7.38998	7.70019	8.19113	8.37945	8.83272	3.95011
1	3.95011	4.50382	5.29963	7.28365	6.24568	7.38998	7.70019	8.19113	8.37945	8.83272	3.95011
1	3.95011	4.50382	5.29963	7.28365	6.24568	7.38998	7.70019	8.19113	8.37945	8.83272	3.95011
1	3.95011	4.50382	5.29963	7.28365	6.24568	7.38998	7.70019	8.19113	8.37945	8.83272	3.95011
1	3.95011	4.50382	5.29963	7.28365	6.24568	7.38998	7.70019	8.19113	8.37945	8.83272	3.95011
1	3.95011	4.50382	5.29963	7.28365	6.24568	7.38998	7.70019	8.19113	8.37945	8.83272	3.95011
1	3.95011	4.50382	5.29963	7.28365	6.24568	7.38998	7.70019	8.19113	8.37945	8.83272	3.95011
1	3.95011	4.50382	5.29963	7.28365	6.24568	7.38998	7.70019	8.19113	8.37945	8.83272	3.95011
1	3.95011	4.50382	5.29963	7.28365	6.24568	7.38998	7.70019	8.19113	8.37945	8.83272	3.95011
1	3.95011	4.50382	5.29963	7.28365	6.24568	7.38998	7.70019	8.19113	8.37945	8.83272	3.95011